iouv 0.9936 135 660 424 884
iouv 0.9831 532 672 719 894
iouv 0.9808 2 17 240 244
iouv 0.8867 273 449 433 620
iouv 0.7731 255 147 374 299
iouv 0.5496 393 44 694 223
iouv 0.3691 339 309 511 363
iouv 0.3481 3 257 211 343
iouv 0.3240 298 147 371 258
iouv 0.3010 660 398 806 597
iouv 0.2570 215 239 356 376
iouv 0.2047 545 333 734 500
iouv 0.1806 722 596 937 794
iouv 0.1532 459 281 629 335
iouv 0.1113 833 378 951 582
iouv 0.1054 311 307 644 477
blight 0.0375 567 558 654 628
blight 0.0375 816 223 922 289
blight 0.0327 -52 854 79 990
blight 0.0324 808 301 934 415
blight 0.0313 519 604 606 661
blight 0.0311 574 604 633 695
blight 0.0290 801 164 848 238
blight 0.0283 864 236 938 324
blight 0.0276 892 250 937 350
blight 0.0246 421 241 467 315
blight 0.0238 538 614 602 687
blight 0.0235 448 571 613 624
blight 0.0224 833 257 916 356
blight 0.0219 814 192 886 266
blight 0.0213 43 730 153 793
blight 0.0203 379 272 490 340
blight 0.0201 -83 -108 296 276
blight 0.0196 600 523 652 609
blight 0.0192 -4 -62 30 20
blight 0.0190 816 310 885 401
blight 0.0184 593 616 646 708
blight 0.0183 3 721 101 819
blight 0.0176 881 -39 1013 -1
blight 0.0173 20 719 119 779
blight 0.0172 510 632 588 685
blight 0.0170 -19 884 53 965
blight 0.0168 -41 896 71 939
blight 0.0165 768 897 921 942
blight 0.0162 140 866 283 996
blight 0.0159 448 902 584 944
blight 0.0159 440 256 485 322
blight 0.0157 308 129 367 211
blight 0.0153 373 899 508 941
blight 0.0153 816 169 941 278
blight 0.0152 513 575 616 648
blight 0.0147 4 859 147 997
blight 0.0143 -1 771 28 883
blight 0.0142 886 899 1003 945
blight 0.0141 703 769 1178 1088
blight 0.0140 424 186 475 281
blight 0.0140 91 -85 507 258
blight 0.0139 606 446 682 559
blight 0.0138 423 532 472 590
blight 0.0137 106 365 178 418
blight 0.0133 735 -31 856 -1
blight 0.0133 147 896 284 939
blight 0.0133 112 695 180 788
blight 0.0131 505 899 633 942
blight 0.0130 910 883 992 967
blight 0.0129 808 192 850 261
blight 0.0129 67 -58 112 -3
blight 0.0127 6 691 35 802
blight 0.0125 69 883 155 959
blight 0.0125 911 -54 997 24
blight 0.0124 -27 -37 54 -1
blight 0.0123 326 899 450 941
blight 0.0123 -86 754 401 1069
blight 0.0122 540 647 595 733
blight 0.0121 414 97 489 237
blight 0.0121 602 483 654 576
blight 0.0120 -9 737 66 793
blight 0.0119 689 564 809 611
blight 0.0119 17 701 70 789
blight 0.0119 614 619 663 714
blight 0.0118 724 -60 1217 223
blight 0.0117 391 245 450 325
blight 0.0117 443 -52 491 4
Anthrax 0.1548 203 252 349 380
Anthrax 0.1145 526 688 712 883
Anthrax 0.0667 261 463 434 603
Anthrax 0.0663 445 552 609 617
Anthrax 0.0559 124 682 312 867
Anthrax 0.0471 -3 259 208 347
Anthrax 0.0423 46 63 237 252
Anthrax 0.0372 286 536 416 651
Anthrax 0.0353 301 581 392 630
Anthrax 0.0330 567 558 654 628
Anthrax 0.0319 291 487 375 604
Anthrax 0.0310 144 726 224 795
Anthrax 0.0299 130 695 199 827
Anthrax 0.0279 261 214 393 287
Anthrax 0.0274 731 311 812 394
Anthrax 0.0269 202 309 324 377
Anthrax 0.0248 156 424 253 521
Anthrax 0.0246 80 400 188 448
Anthrax 0.0244 242 660 409 830
Anthrax 0.0241 165 697 264 785
Anthrax 0.0238 374 624 489 714
Anthrax 0.0235 17 701 70 789
Anthrax 0.0230 784 756 952 872
Anthrax 0.0223 423 532 472 590
Anthrax 0.0217 835 180 952 282
Anthrax 0.0217 570 685 689 758
Anthrax 0.0216 275 591 403 696
Anthrax 0.0209 106 416 270 549
Anthrax 0.0205 825 784 927 853
Anthrax 0.0200 347 295 484 349
Anthrax 0.0193 263 166 365 255
Anthrax 0.0193 423 540 534 617
Anthrax 0.0188 321 259 460 358
Anthrax 0.0188 9 116 189 270
Anthrax 0.0182 137 415 237 476
Anthrax 0.0182 29 396 157 445
Anthrax 0.0181 9 708 174 803
Anthrax 0.0180 323 548 435 606
Anthrax 0.0176 387 521 443 601
Anthrax 0.0171 274 156 355 220
Anthrax 0.0171 8 731 79 837
Anthrax 0.0166 715 270 812 340
Anthrax 0.0165 123 387 206 452
Anthrax 0.0163 40 23 137 68
Anthrax 0.0162 44 691 177 740
Anthrax 0.0162 270 606 358 671
Anthrax 0.0161 691 7 783 76
Anthrax 0.0161 229 674 373 745
Anthrax 0.0160 32 -142 235 225
