iouv 0.9957 273 423 440 607
iouv 0.9864 74 384 249 606
iouv 0.9807 311 142 408 263
iouv 0.9681 2 268 90 472
iouv 0.9012 84 284 280 368
iouv 0.8259 409 166 487 282
iouv 0.8241 235 130 345 197
iouv 0.7633 23 83 107 207
iouv 0.5597 340 300 478 365
iouv 0.3203 94 46 206 140
iouv 0.1784 318 290 388 337
iouv 0.1598 407 391 496 546
iouv 0.1527 99 125 175 221
iouv 0.1507 388 208 482 320
iouv 0.1390 48 87 94 165
iouv 0.1389 365 267 484 345
blight 0.0579 9 15 74 107
blight 0.0573 517 541 582 589
blight 0.0511 494 506 589 579
blight 0.0468 203 51 301 124
blight 0.0464 527 434 580 494
blight 0.0452 513 416 592 507
blight 0.0433 566 416 589 498
blight 0.0429 565 518 598 588
blight 0.0424 510 479 591 540
blight 0.0399 62 73 107 134
blight 0.0366 1 137 31 198
blight 0.0355 8 196 89 261
blight 0.0341 137 11 214 52
blight 0.0341 68 381 109 459
blight 0.0333 525 465 578 514
blight 0.0320 15 178 73 221
blight 0.0320 312 248 344 317
blight 0.0310 17 19 66 67
blight 0.0304 552 449 584 512
blight 0.0289 548 539 595 586
blight 0.0285 6 409 37 487
blight 0.0276 58 209 93 258
blight 0.0276 314 226 349 295
blight 0.0245 514 567 583 593
blight 0.0240 296 267 369 339
blight 0.0239 154 -11 186 37
blight 0.0234 586 436 611 500
blight 0.0233 261 56 300 120
blight 0.0227 402 396 450 466
blight 0.0226 2 173 55 255
blight 0.0226 466 294 509 339
blight 0.0223 308 311 356 349
blight 0.0216 489 551 552 587
blight 0.0214 372 571 423 592
blight 0.0211 406 541 450 589
blight 0.0209 583 580 617 628
blight 0.0208 278 43 312 104
blight 0.0207 311 275 348 350
blight 0.0205 563 490 592 565
blight 0.0202 567 471 593 533
blight 0.0200 516 530 550 581
blight 0.0200 511 421 564 482
blight 0.0199 501 520 536 582
blight 0.0199 581 466 623 516
blight 0.0198 264 24 302 71
blight 0.0198 49 21 86 79
blight 0.0197 385 560 431 596
blight 0.0197 93 383 150 432
blight 0.0196 29 37 78 80
blight 0.0195 -8 182 39 218
blight 0.0194 -3 -20 19 43
blight 0.0187 -1 13 21 107
blight 0.0186 583 380 612 461
blight 0.0185 0 432 25 485
blight 0.0185 69 408 107 495
blight 0.0184 19 8 75 43
blight 0.0184 35 206 76 257
blight 0.0184 525 401 576 470
blight 0.0182 582 427 625 486
blight 0.0179 4 28 44 119
blight 0.0177 479 570 557 595
blight 0.0176 545 496 604 579
blight 0.0175 348 567 411 592
blight 0.0175 81 393 138 447
blight 0.0174 -5 167 34 201
blight 0.0174 450 313 490 374
blight 0.0173 27 188 82 235
blight 0.0173 81 367 161 457
Anthrax 0.1485 305 333 354 387
Anthrax 0.0832 21 87 103 206
Anthrax 0.0554 509 1 601 89
Anthrax 0.0462 155 221 232 277
Anthrax 0.0445 0 282 92 412
Anthrax 0.0418 4 347 54 461
Anthrax 0.0346 131 36 216 73
Anthrax 0.0327 307 318 368 361
Anthrax 0.0327 513 93 576 143
Anthrax 0.0291 413 377 488 479
Anthrax 0.0288 360 346 424 413
Anthrax 0.0281 530 357 592 431
Anthrax 0.0280 23 94 67 179
Anthrax 0.0277 83 388 241 585
Anthrax 0.0272 412 168 488 292
Anthrax 0.0271 235 180 315 212
Anthrax 0.0267 273 409 323 458
Anthrax 0.0266 271 80 341 120
Anthrax 0.0266 230 42 294 75
Anthrax 0.0249 307 354 350 419
Anthrax 0.0232 583 361 612 440
Anthrax 0.0232 350 459 408 514
Anthrax 0.0228 207 72 280 135
Anthrax 0.0224 78 371 164 452
Anthrax 0.0218 2 173 55 255
Anthrax 0.0210 107 387 160 430
Anthrax 0.0204 406 304 487 378
Anthrax 0.0201 546 327 595 359
Anthrax 0.0200 520 87 604 159
Anthrax 0.0196 81 208 152 253
Anthrax 0.0195 567 314 599 390
Anthrax 0.0195 514 237 602 313
Anthrax 0.0190 47 283 92 385
Anthrax 0.0188 566 90 634 156
Anthrax 0.0185 370 177 411 262
Anthrax 0.0182 29 96 86 151
Anthrax 0.0177 21 101 61 146
Anthrax 0.0177 0 209 72 274
Anthrax 0.0177 249 401 340 480
Anthrax 0.0170 191 40 281 116
Anthrax 0.0169 52 79 96 143
Anthrax 0.0168 188 232 230 274
Anthrax 0.0166 228 194 306 240
Anthrax 0.0165 348 64 391 103
Anthrax 0.0163 531 295 607 356
Anthrax 0.0163 575 318 627 385
Anthrax 0.0162 9 383 43 472
Anthrax 0.0159 74 451 288 731
Anthrax 0.0158 289 497 419 598
Anthrax 0.0158 294 318 345 369
Anthrax 0.0157 17 331 63 423
Anthrax 0.0155 420 485 499 578
Anthrax 0.0150 95 507 229 611
Anthrax 0.0148 420 220 477 291
Anthrax 0.0148 460 192 520 244
Anthrax 0.0148 375 358 426 396
