iouv 0.9944 209 287 375 442
iouv 0.9641 159 352 251 479
iouv 0.5990 346 327 424 359
iouv 0.2217 8 315 88 505
iouv 0.1361 -5 200 49 259
iouv 0.0942 2 316 47 508
iouv 0.0883 207 308 334 386
iouv 0.0878 82 367 162 470
iouv 0.0713 117 344 193 468
iouv 0.0705 117 286 213 359
iouv 0.0660 264 312 339 351
iouv 0.0635 274 329 370 446
iouv 0.0558 318 497 395 568
iouv 0.0480 558 255 597 310
iouv 0.0445 383 149 483 180
iouv 0.0423 249 420 311 503
iouv 0.0416 33 349 110 518
iouv 0.0373 238 209 283 281
iouv 0.0372 208 310 292 357
blight 0.1929 206 211 224 294
blight 0.1321 218 211 239 292
blight 0.1111 231 496 298 597
blight 0.0758 0 480 21 563
blight 0.0551 -8 -11 24 26
blight 0.0503 -2 451 42 542
blight 0.0468 96 279 134 332
blight 0.0439 74 266 130 320
blight 0.0418 222 524 277 597
blight 0.0397 190 219 211 282
blight 0.0376 214 273 249 317
blight 0.0364 216 18 245 63
blight 0.0361 172 259 234 297
blight 0.0354 85 254 145 307
blight 0.0330 96 247 176 315
blight 0.0329 61 -51 328 176
blight 0.0317 202 22 228 67
blight 0.0312 247 -24 276 31
blight 0.0300 1 39 55 102
blight 0.0297 545 8 585 66
blight 0.0297 1 288 58 335
blight 0.0295 231 -21 260 26
blight 0.0290 249 501 280 575
blight 0.0279 246 419 310 509
blight 0.0271 562 -5 632 21
blight 0.0270 103 258 162 295
blight 0.0269 206 252 238 305
blight 0.0268 213 3 242 47
blight 0.0267 520 11 554 64
blight 0.0265 264 -23 293 29
blight 0.0261 230 16 265 67
blight 0.0260 215 -19 244 27
blight 0.0259 589 49 615 106
blight 0.0259 10 -20 40 27
blight 0.0256 120 246 183 283
blight 0.0253 201 0 227 43
blight 0.0252 568 9 593 70
blight 0.0252 587 579 615 625
blight 0.0251 -2 487 35 525
blight 0.0250 189 210 230 261
blight 0.0248 537 -17 567 31
blight 0.0240 371 537 438 587
blight 0.0236 179 -46 450 176
blight 0.0236 587 16 614 75
blight 0.0235 227 283 261 326
blight 0.0231 523 3 578 54
blight 0.0231 25 -19 56 25
blight 0.0229 168 206 217 257
blight 0.0227 521 -16 551 29
blight 0.0226 110 574 182 595
blight 0.0224 586 -23 617 37
blight 0.0221 0 -1 18 59
blight 0.0221 273 505 306 569
blight 0.0218 188 241 215 296
blight 0.0218 212 287 253 334
blight 0.0217 504 12 537 60
blight 0.0216 0 503 31 535
blight 0.0214 156 363 187 429
blight 0.0211 20 287 75 321
blight 0.0209 5 472 58 521
blight 0.0209 237 212 270 289
blight 0.0208 570 378 598 441
blight 0.0208 488 28 522 76
blight 0.0207 95 589 170 611
blight 0.0202 56 55 95 137
blight 0.0201 486 10 521 59
blight 0.0201 40 -20 71 26
blight 0.0200 560 589 622 611
blight 0.0200 92 245 146 281
blight 0.0198 361 559 447 594
blight 0.0198 207 208 246 261
blight 0.0198 -20 -27 38 40
blight 0.0196 151 255 181 288
blight 0.0191 -7 486 43 581
blight 0.0189 252 283 322 311
blight 0.0187 305 9 372 49
blight 0.0187 201 -16 229 28
blight 0.0186 56 -19 86 27
blight 0.0186 552 -17 583 30
blight 0.0186 478 51 530 98
blight 0.0186 434 2 510 42
blight 0.0186 217 35 251 79
blight 0.0185 0 17 31 66
blight 0.0184 247 442 278 518
blight 0.0184 506 -15 534 28
blight 0.0182 72 -18 102 28
blight 0.0179 583 385 613 442
blight 0.0177 33 50 82 108
Anthrax 0.1155 6 105 45 199
Anthrax 0.1004 349 329 425 361
Anthrax 0.0950 154 352 244 487
Anthrax 0.0645 246 419 310 509
Anthrax 0.0583 207 308 334 386
Anthrax 0.0563 -5 200 49 259
Anthrax 0.0502 274 329 370 446
Anthrax 0.0479 38 123 73 187
Anthrax 0.0387 18 89 74 187
Anthrax 0.0379 286 168 354 204
Anthrax 0.0371 167 366 227 457
Anthrax 0.0365 245 154 356 186
Anthrax 0.0355 224 68 315 139
Anthrax 0.0349 112 62 167 122
Anthrax 0.0346 48 117 94 179
Anthrax 0.0327 38 140 103 189
Anthrax 0.0312 557 258 597 334
Anthrax 0.0308 116 290 216 366
Anthrax 0.0306 -6 216 29 272
Anthrax 0.0281 459 468 542 605
Anthrax 0.0276 16 282 77 312
Anthrax 0.0262 360 10 421 31
Anthrax 0.0259 0 99 25 192
Anthrax 0.0259 243 210 284 289
Anthrax 0.0257 49 214 135 284
Anthrax 0.0256 116 48 225 135
Anthrax 0.0249 229 83 296 124
Anthrax 0.0246 261 374 351 463
Anthrax 0.0243 208 310 292 357
Anthrax 0.0241 214 45 307 115
Anthrax 0.0239 65 95 109 165
Anthrax 0.0236 8 221 41 290
Anthrax 0.0234 554 264 633 303
Anthrax 0.0233 525 419 580 480
Anthrax 0.0233 223 160 339 200
Anthrax 0.0232 209 328 255 380
Anthrax 0.0223 234 349 310 400
Anthrax 0.0220 102 62 187 152
Anthrax 0.0218 219 334 272 392
Anthrax 0.0215 406 516 439 574
Anthrax 0.0211 33 330 74 418
Anthrax 0.0211 293 178 384 222
Anthrax 0.0209 98 455 135 547
Anthrax 0.0208 368 1 442 20
Anthrax 0.0204 365 385 429 436
Anthrax 0.0198 562 -5 632 21
Anthrax 0.0198 30 106 113 183
Anthrax 0.0196 148 48 219 102
Anthrax 0.0188 9 334 58 460
Anthrax 0.0184 116 84 162 144
Anthrax 0.0181 264 571 349 597
Anthrax 0.0180 -5 517 37 716
Anthrax 0.0178 83 68 133 114
Anthrax 0.0175 2 153 45 239
Anthrax 0.0173 14 212 60 274
Anthrax 0.0173 218 -1 302 25
Anthrax 0.0172 164 376 213 423
