iouv 0.9519 347 392 461 475
iouv 0.9084 176 276 271 347
iouv 0.8477 2 383 120 571
iouv 0.8238 271 239 330 329
iouv 0.8225 328 224 394 335
iouv 0.3732 391 334 531 381
iouv 0.2647 88 333 232 404
iouv 0.2497 190 306 270 355
iouv 0.1991 116 164 205 258
iouv 0.1826 358 367 478 441
iouv 0.1718 293 230 371 341
iouv 0.1530 200 258 268 323
iouv 0.1300 229 400 290 455
iouv 0.1037 346 446 402 541
iouv 0.1023 378 317 498 372
iouv 0.1001 214 263 304 350
iouv 0.0918 148 299 267 374
iouv 0.0871 444 330 536 361
blight 0.1287 315 -7 363 76
blight 0.1218 460 79 539 163
blight 0.1129 430 23 506 128
blight 0.0925 526 207 599 289
blight 0.0846 549 136 590 224
blight 0.0819 313 179 381 228
blight 0.0723 57 315 88 371
blight 0.0650 460 11 502 106
blight 0.0645 18 216 53 304
blight 0.0601 40 232 70 319
blight 0.0570 563 352 593 437
blight 0.0555 58 282 84 337
blight 0.0532 162 268 216 311
blight 0.0525 548 440 601 506
blight 0.0516 41 313 70 375
blight 0.0514 145 278 199 318
blight 0.0512 68 276 103 327
blight 0.0508 10 227 41 321
blight 0.0471 1 560 33 602
blight 0.0470 387 561 477 593
blight 0.0463 3 537 47 596
blight 0.0461 9 338 37 403
blight 0.0460 439 48 510 102
blight 0.0440 326 29 363 98
blight 0.0429 53 235 85 310
blight 0.0428 189 502 247 534
blight 0.0418 475 91 527 141
blight 0.0415 -7 581 33 624
blight 0.0413 99 270 156 327
blight 0.0413 6 293 35 355
blight 0.0393 469 2 514 55
blight 0.0387 67 334 105 380
blight 0.0385 541 356 572 451
blight 0.0385 2 218 22 310
blight 0.0383 44 274 70 340
blight 0.0373 122 279 173 321
blight 0.0367 54 336 87 390
blight 0.0364 24 341 52 399
blight 0.0362 351 561 437 593
blight 0.0355 175 264 223 293
blight 0.0349 -1 337 18 416
blight 0.0344 0 259 20 342
blight 0.0338 533 253 582 326
blight 0.0329 208 429 249 498
blight 0.0324 256 335 341 406
blight 0.0319 39 337 68 394
blight 0.0317 537 225 600 269
blight 0.0316 375 204 430 247
blight 0.0314 67 540 106 585
blight 0.0314 -1 296 18 366
blight 0.0312 336 3 369 65
blight 0.0308 134 293 189 326
blight 0.0303 377 229 408 282
blight 0.0300 170 238 208 292
blight 0.0298 439 6 491 98
blight 0.0297 82 270 123 325
blight 0.0293 566 176 592 245
Anthrax 0.1614 332 231 401 342
Anthrax 0.1499 116 164 205 258
Anthrax 0.1328 278 413 354 513
Anthrax 0.1030 342 390 457 477
Anthrax 0.0835 464 359 544 458
Anthrax 0.0826 508 502 597 592
Anthrax 0.0719 127 461 211 535
Anthrax 0.0701 69 325 149 370
Anthrax 0.0506 42 215 132 300
Anthrax 0.0411 365 496 459 591
Anthrax 0.0410 449 429 523 474
Anthrax 0.0393 514 457 560 507
Anthrax 0.0341 23 -3 127 24
Anthrax 0.0337 565 447 595 515
Anthrax 0.0317 520 446 592 526
Anthrax 0.0309 279 320 318 370
Anthrax 0.0306 557 252 594 318
Anthrax 0.0298 274 241 329 328
Anthrax 0.0297 540 227 603 311
Anthrax 0.0276 272 337 326 385
Anthrax 0.0269 334 456 403 553
Anthrax 0.0263 470 364 531 420
Anthrax 0.0256 471 410 537 454
Anthrax 0.0253 147 496 221 534
Anthrax 0.0249 457 120 510 169
Anthrax 0.0246 472 356 534 393
Anthrax 0.0237 492 349 565 448
Anthrax 0.0231 527 450 585 495
Anthrax 0.0229 194 3 332 37
Anthrax 0.0223 280 285 316 343
Anthrax 0.0213 548 492 592 557
Anthrax 0.0212 35 579 132 649
Anthrax 0.0210 567 357 593 437
Anthrax 0.0208 5 383 119 574
Anthrax 0.0207 -3 572 23 635
Anthrax 0.0205 424 377 519 456
Anthrax 0.0205 442 523 493 562
Anthrax 0.0201 53 487 132 568
Anthrax 0.0191 223 49 341 156
Anthrax 0.0190 -1 -2 105 45
Anthrax 0.0182 184 259 278 328
Anthrax 0.0181 251 52 321 114
Anthrax 0.0179 454 372 513 415
Anthrax 0.0174 482 2 524 34
Anthrax 0.0170 64 320 130 350
Anthrax 0.0170 371 113 458 177
