iouv 0.9992 99 340 261 505
iouv 0.9990 273 219 450 379
iouv 0.9900 9 65 148 176
iouv 0.9499 103 152 232 238
iouv 0.8383 497 175 594 230
iouv 0.1257 0 104 83 208
iouv 0.1196 19 93 101 148
iouv 0.1082 56 125 204 214
iouv 0.0848 114 153 234 193
iouv 0.0742 328 121 403 199
iouv 0.0712 36 84 122 133
blight 0.1079 258 141 294 208
blight 0.0790 133 262 227 297
blight 0.0744 250 115 280 189
blight 0.0706 0 59 65 115
blight 0.0544 238 169 316 221
blight 0.0523 106 264 176 297
blight 0.0499 197 246 278 280
blight 0.0488 424 224 516 267
blight 0.0395 102 255 139 308
blight 0.0363 81 249 128 277
blight 0.0361 274 131 306 203
blight 0.0330 368 197 437 230
blight 0.0323 101 210 131 271
blight 0.0308 -9 72 47 105
blight 0.0287 238 127 314 211
blight 0.0276 177 258 250 289
blight 0.0275 101 236 132 285
blight 0.0270 264 110 292 176
blight 0.0266 360 185 427 216
blight 0.0265 255 181 299 245
blight 0.0261 116 481 154 589
blight 0.0248 253 185 304 213
blight 0.0247 402 217 484 255
blight 0.0246 106 254 219 319
blight 0.0232 158 271 220 306
blight 0.0227 274 200 313 262
blight 0.0224 453 230 547 270
blight 0.0214 82 250 153 315
blight 0.0211 -1 53 25 117
blight 0.0207 34 465 75 548
blight 0.0206 233 145 277 209
blight 0.0205 128 246 228 282
blight 0.0203 103 252 167 286
blight 0.0201 113 321 228 416
blight 0.0188 83 265 129 293
blight 0.0183 178 147 289 222
blight 0.0183 -12 58 41 92
blight 0.0182 349 136 385 208
blight 0.0180 300 376 379 406
blight 0.0178 389 208 465 285
blight 0.0174 244 84 274 156
blight 0.0174 83 232 133 267
blight 0.0174 0 340 19 412
blight 0.0174 -17 587 44 614
blight 0.0173 293 126 321 200
blight 0.0171 247 163 304 200
blight 0.0170 184 47 285 80
blight 0.0169 308 392 399 419
blight 0.0166 370 211 446 251
blight 0.0163 452 166 493 224
blight 0.0163 71 250 108 287
blight 0.0162 18 465 60 540
blight 0.0161 309 140 342 203
blight 0.0161 101 183 139 255
blight 0.0156 364 182 455 245
blight 0.0153 469 171 509 253
blight 0.0152 93 105 144 183
blight 0.0152 271 194 327 233
blight 0.0152 330 142 363 213
blight 0.0150 414 216 457 271
blight 0.0149 76 277 137 309
blight 0.0147 405 178 447 216
blight 0.0147 55 36 145 72
blight 0.0146 561 586 632 613
blight 0.0146 183 274 235 307
blight 0.0146 4 347 53 400
blight 0.0144 217 179 295 226
blight 0.0143 94 271 128 319
blight 0.0143 49 462 92 556
blight 0.0142 -27 573 48 649
Anthrax 0.0646 -3 297 109 384
Anthrax 0.0480 7 278 97 322
Anthrax 0.0345 102 343 141 418
Anthrax 0.0337 16 301 85 354
Anthrax 0.0320 505 220 595 306
Anthrax 0.0313 99 157 234 241
Anthrax 0.0305 334 124 403 202
Anthrax 0.0277 83 95 146 165
Anthrax 0.0259 105 338 199 450
Anthrax 0.0250 14 236 82 269
Anthrax 0.0218 526 3 595 56
Anthrax 0.0216 509 240 574 292
Anthrax 0.0201 126 331 214 365
Anthrax 0.0196 495 172 594 243
Anthrax 0.0195 358 21 450 47
Anthrax 0.0195 -17 587 44 614
Anthrax 0.0194 275 206 362 279
Anthrax 0.0192 118 152 233 190
Anthrax 0.0188 332 258 409 300
Anthrax 0.0188 442 590 470 625
Anthrax 0.0182 427 590 454 625
Anthrax 0.0177 91 400 168 494
Anthrax 0.0177 458 590 486 624
Anthrax 0.0171 -1 99 50 176
Anthrax 0.0168 32 77 146 173
Anthrax 0.0168 116 343 157 411
Anthrax 0.0164 227 404 265 494
Anthrax 0.0160 52 281 122 313
Anthrax 0.0153 410 590 438 625
Anthrax 0.0152 131 174 199 241
Anthrax 0.0152 474 591 501 623
Anthrax 0.0150 134 447 227 526
Anthrax 0.0150 377 125 429 177
Anthrax 0.0149 -1 352 29 404
Anthrax 0.0148 278 219 394 311
Anthrax 0.0148 320 121 376 186
Anthrax 0.0148 36 289 113 322
Anthrax 0.0145 429 589 503 611
Anthrax 0.0145 566 -2 634 26
Anthrax 0.0144 349 114 396 165
Anthrax 0.0142 400 126 453 178
Anthrax 0.0142 540 237 592 323
Anthrax 0.0142 347 222 452 321
Anthrax 0.0141 397 589 473 611
Anthrax 0.0137 335 272 420 318
Anthrax 0.0133 117 204 189 241
Anthrax 0.0132 -6 248 100 314
Anthrax 0.0132 420 53 459 126
Anthrax 0.0132 398 210 460 264
Anthrax 0.0131 277 255 320 358
Anthrax 0.0131 -8 531 36 721
Anthrax 0.0129 -3 576 22 641
Anthrax 0.0129 511 198 587 238
Anthrax 0.0129 491 591 517 623
Anthrax 0.0128 397 -6 532 23
Anthrax 0.0128 582 -28 618 44
Anthrax 0.0127 4 347 53 400
Anthrax 0.0125 -5 584 80 612
Anthrax 0.0121 -1 108 27 196
Anthrax 0.0121 518 226 580 268
Anthrax 0.0119 546 0 588 39
Anthrax 0.0119 394 589 422 626
Anthrax 0.0119 76 277 137 309
Anthrax 0.0119 387 195 454 235
Anthrax 0.0119 459 590 516 625
Anthrax 0.0117 36 250 97 278
Anthrax 0.0116 559 3 633 48
Anthrax 0.0115 346 591 375 626
Anthrax 0.0113 295 186 362 218
Anthrax 0.0113 97 436 139 505
Anthrax 0.0112 243 434 280 506
Anthrax 0.0111 117 161 169 236
