iouv 0.8635 140 58 477 467
iouv 0.0176 154 472 472 736
iouv 0.0139 454 470 746 759
iouv 0.0139 463 -70 750 217
iouv 0.0137 472 30 736 367
iouv 0.0124 83 467 322 751
iouv 0.0113 -34 157 191 448
iouv 0.0102 -60 467 205 747
blight 0.0289 393 -8 801 159
blight 0.0288 279 325 309 404
blight 0.0226 293 242 324 319
blight 0.0224 45 525 391 702
blight 0.0223 96 460 204 510
blight 0.0216 -129 -12 291 166
blight 0.0212 281 257 315 342
blight 0.0183 292 296 323 368
blight 0.0182 281 287 311 373
blight 0.0181 -70 503 254 703
blight 0.0179 57 470 175 520
blight 0.0172 581 -13 630 33
blight 0.0170 277 358 308 434
blight 0.0167 83 529 133 731
blight 0.0165 538 -24 571 27
blight 0.0161 117 -6 520 183
blight 0.0159 446 508 756 703
blight 0.0156 469 87 725 315
blight 0.0153 561 585 630 617
blight 0.0152 282 161 417 274
blight 0.0148 108 3 198 46
blight 0.0143 114 522 164 731
blight 0.0143 -18 254 40 341
blight 0.0142 -19 -22 49 48
blight 0.0140 -15 498 45 534
blight 0.0139 291 337 321 397
blight 0.0137 522 -22 554 29
blight 0.0137 154 472 472 736
blight 0.0136 554 -26 586 26
blight 0.0136 572 345 626 376
blight 0.0135 488 -4 579 22
blight 0.0134 48 532 100 731
blight 0.0132 145 513 194 731
blight 0.0132 176 507 225 731
blight 0.0128 478 208 735 433
blight 0.0126 585 575 619 636
blight 0.0124 571 360 627 392
blight 0.0121 281 312 337 338
blight 0.0121 209 510 258 732
blight 0.0120 574 329 626 360
blight 0.0120 -49 192 229 440
blight 0.0120 282 297 340 323
blight 0.0119 572 393 624 423
blight 0.0119 -33 565 213 615
blight 0.0119 107 -26 141 25
blight 0.0117 -18 -4 45 22
blight 0.0117 -45 74 224 319
blight 0.0117 80 -23 174 41
blight 0.0117 510 -19 598 44
blight 0.0117 90 449 175 495
blight 0.0115 76 -5 165 21
blight 0.0115 305 249 339 312
blight 0.0115 572 376 626 407
blight 0.0115 -17 488 89 536
blight 0.0115 449 3 545 48
blight 0.0114 -31 567 48 653
blight 0.0114 264 360 321 386
blight 0.0114 455 -4 545 23
blight 0.0114 267 344 321 370
blight 0.0114 -20 587 44 613
blight 0.0112 -8 584 35 630
blight 0.0112 307 309 340 357
blight 0.0111 267 339 300 418
blight 0.0110 123 -25 156 29
blight 0.0109 -16 301 45 381
blight 0.0108 290 215 374 284
blight 0.0108 571 -30 654 51
blight 0.0108 575 312 626 343
blight 0.0105 566 540 632 693
blight 0.0105 281 328 336 354
blight 0.0105 433 515 484 735
blight 0.0104 110 -3 199 24
blight 0.0104 575 537 630 597
blight 0.0104 -8 -8 28 32
blight 0.0103 241 515 290 729
blight 0.0102 274 392 341 422
blight 0.0102 -12 359 37 393
blight 0.0102 82 436 148 476
blight 0.0101 223 -18 311 43
blight 0.0101 590 313 619 377
blight 0.0101 37 -3 138 24
blight 0.0100 287 281 337 306
blight 0.0100 35 2 135 48
blight 0.0100 455 373 508 412
blight 0.0100 -3 12 17 106
blight 0.0100 402 511 455 739
blight 0.0100 89 -26 124 25
Anthrax 0.6944 115 73 472 456
Anthrax 0.0353 231 199 320 262
Anthrax 0.0330 421 282 477 354
Anthrax 0.0249 493 27 675 419
Anthrax 0.0216 -8 1 159 439
Anthrax 0.0205 434 448 478 530
Anthrax 0.0184 5 51 42 135
Anthrax 0.0184 400 263 492 375
Anthrax 0.0183 404 287 466 336
Anthrax 0.0174 -84 -9 85 42
Anthrax 0.0167 13 -82 277 426
Anthrax 0.0166 335 70 385 145
Anthrax 0.0160 368 60 414 118
Anthrax 0.0154 -10 -76 46 93
Anthrax 0.0154 386 470 429 570
Anthrax 0.0148 454 307 490 405
Anthrax 0.0146 429 301 485 383
Anthrax 0.0142 561 585 630 617
Anthrax 0.0142 553 570 655 661
Anthrax 0.0138 106 514 517 676
Anthrax 0.0138 323 -86 583 415
Anthrax 0.0137 -122 502 283 679
Anthrax 0.0135 -4 87 17 187
Anthrax 0.0134 15 3 68 70
Anthrax 0.0133 20 376 110 418
Anthrax 0.0132 440 441 498 504
Anthrax 0.0131 209 422 427 778
Anthrax 0.0127 563 -6 635 22
Anthrax 0.0126 89 447 300 791
Anthrax 0.0126 345 61 441 152
Anthrax 0.0124 472 -75 691 256
Anthrax 0.0123 -36 -36 63 60
Anthrax 0.0122 -44 1 430 293
Anthrax 0.0122 234 98 319 141
Anthrax 0.0121 220 15 645 315
Anthrax 0.0119 -20 587 44 613
Anthrax 0.0117 508 93 588 135
Anthrax 0.0117 483 445 679 812
Anthrax 0.0115 -2 160 20 255
Anthrax 0.0115 -23 421 164 822
Anthrax 0.0115 9 33 79 105
Anthrax 0.0114 400 429 494 518
Anthrax 0.0113 -1 300 18 387
Anthrax 0.0112 468 394 504 446
Anthrax 0.0112 -129 -12 291 166
Anthrax 0.0110 -4 43 17 149
Anthrax 0.0110 466 187 508 250
Anthrax 0.0107 585 575 619 636
Anthrax 0.0107 201 215 296 271
Anthrax 0.0106 545 121 592 217
Anthrax 0.0106 7 309 44 375
Anthrax 0.0104 314 81 368 127
Anthrax 0.0103 440 293 487 335
Anthrax 0.0102 505 -4 589 21
Anthrax 0.0102 530 134 585 168
Anthrax 0.0102 68 368 111 421
Anthrax 0.0101 217 -51 426 354
Anthrax 0.0100 544 -8 590 28
Anthrax 0.0100 510 111 584 147
