iouv 0.0206 462 376 537 415
iouv 0.0108 82 355 198 452
blight 0.0291 191 558 280 599
blight 0.0205 -16 157 41 239
blight 0.0188 225 534 302 594
blight 0.0185 494 13 572 55
blight 0.0182 -9 488 57 579
blight 0.0178 562 -7 638 21
blight 0.0177 -11 -13 30 30
blight 0.0170 512 -3 591 21
blight 0.0169 -38 564 48 652
blight 0.0161 -10 581 33 629
blight 0.0158 441 -6 529 16
blight 0.0157 114 83 163 155
blight 0.0151 -3 137 56 201
blight 0.0146 177 264 259 381
blight 0.0146 -28 -28 44 47
blight 0.0144 122 63 177 142
blight 0.0141 -1 485 23 583
blight 0.0139 -14 150 36 189
blight 0.0130 378 277 489 363
blight 0.0130 475 -5 563 17
blight 0.0127 189 585 268 611
blight 0.0126 -12 166 39 205
blight 0.0126 575 539 632 602
blight 0.0125 214 215 247 268
blight 0.0124 439 -24 473 23
blight 0.0123 586 -24 621 38
blight 0.0123 511 -16 594 49
blight 0.0121 -2 161 22 256
blight 0.0120 120 -24 153 26
blight 0.0119 103 -24 136 25
blight 0.0119 583 578 620 637
blight 0.0119 455 -24 489 23
blight 0.0119 574 230 631 292
blight 0.0118 472 3 557 42
blight 0.0118 423 -24 456 22
blight 0.0117 392 -6 481 16
blight 0.0115 571 -32 653 50
blight 0.0114 160 415 265 461
blight 0.0114 374 -23 407 22
blight 0.0114 358 -23 391 22
blight 0.0114 -4 521 36 583
blight 0.0113 330 -6 413 15
blight 0.0112 390 -23 423 21
blight 0.0112 406 -23 440 21
blight 0.0110 471 -24 505 22
blight 0.0109 185 157 265 208
blight 0.0106 342 -22 375 23
blight 0.0106 383 208 436 252
blight 0.0105 563 586 636 617
blight 0.0104 -17 94 40 186
blight 0.0103 -16 135 36 172
blight 0.0103 459 18 530 53
blight 0.0102 105 -12 166 28
blight 0.0102 214 235 246 288
blight 0.0100 577 359 630 423
Anthrax 0.9961 148 208 535 452
Anthrax 0.0476 370 275 415 352
Anthrax 0.0379 341 301 406 359
Anthrax 0.0373 315 283 430 368
Anthrax 0.0208 134 45 485 371
Anthrax 0.0202 388 380 480 446
Anthrax 0.0191 24 260 86 296
Anthrax 0.0191 9 192 66 267
Anthrax 0.0187 18 224 62 298
Anthrax 0.0183 502 306 596 380
Anthrax 0.0177 313 239 428 337
Anthrax 0.0173 -24 586 42 618
Anthrax 0.0171 354 145 446 240
Anthrax 0.0164 68 242 137 287
Anthrax 0.0149 410 310 488 371
Anthrax 0.0142 39 247 95 281
Anthrax 0.0138 83 230 134 270
Anthrax 0.0133 28 209 76 279
Anthrax 0.0132 -7 232 100 337
Anthrax 0.0130 402 175 442 240
Anthrax 0.0127 48 260 124 300
Anthrax 0.0122 3 195 100 295
Anthrax 0.0121 567 -86 623 81
Anthrax 0.0120 275 577 318 633
Anthrax 0.0119 84 255 140 301
Anthrax 0.0112 2 165 47 246
Anthrax 0.0109 28 276 133 374
Anthrax 0.0108 261 579 299 630
Anthrax 0.0107 401 375 448 423
Anthrax 0.0106 357 250 416 319
Anthrax 0.0101 399 287 448 355
Anthrax 0.0101 209 301 251 391
Anthrax 0.0100 84 214 142 251
Anthrax 0.0100 465 385 540 422
Anthrax 0.0100 533 322 587 393
