iouv 0.9925 270 321 431 452
iouv 0.9882 231 136 445 347
iouv 0.9787 186 448 291 582
iouv 0.1434 10 352 111 523
iouv 0.0842 8 7 46 103
iouv 0.0735 166 523 237 593
iouv 0.0653 175 491 262 586
iouv 0.0630 201 476 273 646
iouv 0.0478 166 228 268 259
iouv 0.0390 -1 326 49 501
iouv 0.0384 97 309 278 364
iouv 0.0366 276 264 442 342
iouv 0.0327 131 167 175 262
iouv 0.0321 0 23 32 86
blight 0.3882 34 1 75 107
blight 0.1834 24 25 60 98
blight 0.1112 13 92 68 137
blight 0.1072 0 70 53 132
blight 0.0977 13 55 63 120
blight 0.0864 35 61 74 125
blight 0.0862 10 17 43 96
blight 0.0792 108 247 162 283
blight 0.0770 8 152 80 218
blight 0.0724 45 0 93 64
blight 0.0652 45 40 92 123
blight 0.0588 14 74 91 153
blight 0.0575 46 99 95 141
blight 0.0556 120 253 180 298
blight 0.0521 58 109 92 159
blight 0.0487 548 387 592 448
blight 0.0482 33 105 75 162
blight 0.0480 15 165 75 200
blight 0.0476 546 417 592 484
blight 0.0472 522 125 551 177
blight 0.0469 147 222 182 277
blight 0.0440 132 345 165 412
blight 0.0438 15 490 58 558
blight 0.0437 169 365 199 423
blight 0.0433 538 101 569 168
blight 0.0426 -2 87 40 116
blight 0.0419 111 334 152 398
blight 0.0404 77 234 165 295
blight 0.0403 151 354 184 406
blight 0.0402 -1 62 32 111
blight 0.0394 70 115 100 164
blight 0.0388 567 431 597 508
blight 0.0365 119 511 149 568
blight 0.0359 7 99 50 162
blight 0.0331 32 45 78 93
blight 0.0329 550 92 587 170
blight 0.0327 129 517 161 577
blight 0.0327 119 567 185 597
blight 0.0324 0 31 24 106
blight 0.0320 149 267 205 300
blight 0.0319 63 -3 124 45
blight 0.0310 40 87 98 125
blight 0.0310 508 128 539 170
blight 0.0309 124 542 176 591
blight 0.0307 1 477 24 563
blight 0.0306 72 342 108 390
blight 0.0306 69 167 131 248
blight 0.0305 181 367 212 419
blight 0.0301 63 517 120 560
blight 0.0297 371 449 411 507
blight 0.0291 54 86 111 156
blight 0.0290 537 386 580 430
blight 0.0290 421 442 463 493
blight 0.0287 490 175 517 221
blight 0.0282 1 464 45 552
blight 0.0281 358 443 395 509
blight 0.0281 56 -9 85 49
blight 0.0280 -5 101 39 132
blight 0.0280 85 102 114 153
Anthrax 0.1181 131 167 175 262
Anthrax 0.1061 -1 192 84 243
Anthrax 0.0802 68 165 127 259
Anthrax 0.0747 184 448 280 548
Anthrax 0.0689 100 122 195 195
Anthrax 0.0668 112 121 187 161
Anthrax 0.0525 166 228 268 259
Anthrax 0.0513 -5 197 55 233
Anthrax 0.0474 119 113 185 142
Anthrax 0.0464 191 351 265 392
Anthrax 0.0446 92 306 255 375
Anthrax 0.0396 -7 451 114 532
Anthrax 0.0377 281 585 334 621
Anthrax 0.0364 146 284 259 342
Anthrax 0.0349 246 580 335 610
Anthrax 0.0346 5 5 49 97
Anthrax 0.0343 179 337 271 380
Anthrax 0.0338 227 137 300 175
Anthrax 0.0320 7 319 73 362
Anthrax 0.0320 218 407 304 464
Anthrax 0.0309 136 443 191 508
Anthrax 0.0267 217 130 273 155
Anthrax 0.0245 -8 -5 31 35
Anthrax 0.0245 192 205 262 252
Anthrax 0.0233 182 456 222 527
Anthrax 0.0231 117 408 187 497
Anthrax 0.0229 270 319 434 464
Anthrax 0.0225 387 317 448 340
Anthrax 0.0224 193 460 244 531
Anthrax 0.0218 284 560 336 600
Anthrax 0.0216 -17 -22 46 54
Anthrax 0.0214 70 166 123 208
Anthrax 0.0214 169 279 238 314
Anthrax 0.0213 62 572 140 597
Anthrax 0.0208 274 326 363 414
Anthrax 0.0203 2 2 43 43
Anthrax 0.0201 10 338 70 382
Anthrax 0.0192 243 581 335 649
Anthrax 0.0192 238 431 320 472
Anthrax 0.0189 182 449 245 497
Anthrax 0.0185 154 441 217 521
Anthrax 0.0182 166 471 258 575
Anthrax 0.0182 19 480 128 523
