iouv 0.0281 -1 33 75 250
iouv 0.0113 -4 155 27 266
iouv 0.0103 197 -24 236 42
blight 0.0797 78 1 150 86
blight 0.0354 110 2 159 63
blight 0.0342 152 95 189 155
blight 0.0330 90 6 148 50
blight 0.0290 376 11 416 90
blight 0.0279 205 150 272 297
blight 0.0230 311 464 347 559
blight 0.0221 107 -16 141 42
blight 0.0204 289 430 361 554
blight 0.0200 164 85 199 147
blight 0.0192 89 0 155 22
blight 0.0184 114 240 207 332
blight 0.0178 248 540 331 594
blight 0.0175 368 77 404 189
blight 0.0173 305 502 343 572
blight 0.0170 582 569 617 630
blight 0.0169 556 585 634 618
blight 0.0166 62 562 148 601
blight 0.0155 551 282 582 381
blight 0.0154 280 519 339 586
blight 0.0152 552 533 601 601
blight 0.0150 292 474 332 550
blight 0.0147 110 -2 174 101
blight 0.0147 99 125 133 210
blight 0.0143 275 513 315 576
blight 0.0142 388 106 421 196
blight 0.0140 219 224 285 362
blight 0.0136 203 176 238 267
blight 0.0131 357 3 395 140
blight 0.0130 40 565 112 598
blight 0.0129 555 570 648 659
blight 0.0127 -22 -5 42 19
blight 0.0127 181 216 214 283
blight 0.0127 91 506 151 580
blight 0.0123 535 295 567 382
blight 0.0123 326 449 362 570
blight 0.0121 116 483 151 561
blight 0.0120 571 536 626 602
blight 0.0118 -2 10 23 100
blight 0.0116 60 497 87 589
blight 0.0115 356 -1 431 22
blight 0.0115 0 3 51 96
blight 0.0114 512 37 588 146
blight 0.0113 166 518 197 577
blight 0.0113 199 365 279 537
blight 0.0111 139 199 223 304
blight 0.0111 150 518 183 580
blight 0.0111 342 8 415 106
blight 0.0110 561 -4 643 24
blight 0.0109 74 487 102 578
blight 0.0109 148 54 188 135
blight 0.0109 153 -9 254 26
blight 0.0109 205 -5 289 22
blight 0.0108 390 5 427 81
blight 0.0108 215 165 248 272
blight 0.0107 102 484 136 563
blight 0.0107 262 512 298 578
blight 0.0107 163 531 226 576
blight 0.0106 486 330 519 399
blight 0.0106 270 473 318 555
blight 0.0106 201 408 257 474
blight 0.0105 441 -6 529 24
blight 0.0105 455 356 487 437
blight 0.0104 365 338 406 401
blight 0.0103 408 188 445 260
blight 0.0103 346 35 427 167
blight 0.0102 122 -6 206 20
blight 0.0102 485 291 518 358
blight 0.0101 266 562 350 596
blight 0.0101 583 506 615 584
blight 0.0101 87 496 121 575
blight 0.0100 243 288 315 425
blight 0.0100 500 310 533 379
blight 0.0100 585 217 615 286
blight 0.0100 588 307 613 385
blight 0.0100 50 585 124 615
Anthrax 0.8788 210 0 377 548
Anthrax 0.1258 -1 33 75 250
Anthrax 0.0651 2 248 47 552
Anthrax 0.0549 23 26 231 526
Anthrax 0.0465 348 92 536 478
Anthrax 0.0363 -6 164 70 577
Anthrax 0.0344 102 108 317 507
Anthrax 0.0317 218 68 251 188
Anthrax 0.0266 198 50 228 134
Anthrax 0.0261 206 73 232 163
Anthrax 0.0240 93 82 221 400
Anthrax 0.0212 214 28 244 124
Anthrax 0.0207 -6 510 38 708
Anthrax 0.0207 282 68 339 148
Anthrax 0.0201 346 316 373 426
Anthrax 0.0196 0 157 41 402
Anthrax 0.0172 265 31 349 171
Anthrax 0.0166 558 60 595 180
Anthrax 0.0163 341 357 369 472
Anthrax 0.0154 0 394 45 607
Anthrax 0.0151 98 183 140 268
Anthrax 0.0151 228 57 262 174
Anthrax 0.0148 215 119 248 224
Anthrax 0.0144 115 209 158 293
Anthrax 0.0144 57 176 157 316
Anthrax 0.0143 96 342 139 394
Anthrax 0.0141 324 401 357 525
Anthrax 0.0135 276 285 314 379
Anthrax 0.0135 364 249 393 365
Anthrax 0.0129 17 90 164 401
Anthrax 0.0129 8 308 47 460
Anthrax 0.0123 563 492 594 593
Anthrax 0.0123 209 372 412 753
Anthrax 0.0122 2 1 50 82
Anthrax 0.0121 231 361 269 452
Anthrax 0.0118 269 25 328 95
Anthrax 0.0117 7 359 67 584
Anthrax 0.0117 257 208 295 283
Anthrax 0.0115 208 110 231 184
Anthrax 0.0115 405 199 442 281
Anthrax 0.0114 31 246 72 339
Anthrax 0.0111 344 257 377 391
Anthrax 0.0111 263 26 297 90
Anthrax 0.0110 89 227 223 527
Anthrax 0.0106 -58 309 67 547
Anthrax 0.0105 398 18 453 217
Anthrax 0.0104 306 76 347 164
