iouv 0.9972 120 369 300 515
iouv 0.9367 159 159 501 281
iouv 0.1954 0 39 55 176
iouv 0.0471 -9 -62 46 102
iouv 0.0347 4 44 29 147
iouv 0.0289 111 353 222 490
iouv 0.0287 -33 -23 54 67
iouv 0.0284 318 170 450 244
iouv 0.0273 9 -49 77 99
iouv 0.0269 41 -61 111 89
iouv 0.0260 -23 9 52 119
iouv 0.0227 -77 -9 73 42
iouv 0.0207 78 -68 141 78
iouv 0.0202 4 -17 139 47
iouv 0.0199 134 -23 438 68
iouv 0.0196 4 37 47 107
iouv 0.0190 38 -3 108 143
iouv 0.0171 130 363 261 451
iouv 0.0166 64 212 152 280
blight 0.0699 -1 83 23 169
blight 0.0688 2 63 43 157
blight 0.0497 124 288 218 361
blight 0.0494 -15 94 39 185
blight 0.0463 53 240 86 291
blight 0.0437 30 258 95 295
blight 0.0414 54 265 95 319
blight 0.0411 57 226 84 272
blight 0.0400 54 212 137 252
blight 0.0358 32 266 106 339
blight 0.0344 62 -55 348 182
blight 0.0324 145 308 200 374
blight 0.0310 -10 216 40 246
blight 0.0294 171 -39 455 183
blight 0.0281 43 326 102 362
blight 0.0274 42 200 74 266
blight 0.0267 -3 97 34 136
blight 0.0262 67 278 107 349
blight 0.0244 -9 113 29 151
blight 0.0242 13 92 58 139
blight 0.0242 585 578 617 624
blight 0.0230 35 280 75 340
blight 0.0229 -16 205 33 234
blight 0.0229 -58 -71 188 195
blight 0.0220 133 302 180 359
blight 0.0220 44 203 102 239
blight 0.0218 172 138 488 296
blight 0.0214 14 113 55 151
blight 0.0211 66 258 100 298
blight 0.0210 531 561 601 590
blight 0.0209 54 294 89 348
blight 0.0205 165 199 463 417
blight 0.0205 56 335 125 377
blight 0.0204 15 228 100 302
blight 0.0204 -16 125 44 226
blight 0.0204 3 217 83 252
blight 0.0202 -3 111 20 203
blight 0.0195 -16 -34 52 96
blight 0.0191 -10 128 28 165
blight 0.0191 61 245 107 286
blight 0.0185 563 590 634 612
blight 0.0176 -15 587 39 610
blight 0.0175 349 -10 373 27
blight 0.0169 395 -15 421 18
blight 0.0166 -22 176 38 257
blight 0.0164 71 217 107 257
blight 0.0160 566 567 632 593
blight 0.0159 17 132 58 168
blight 0.0151 56 228 120 263
blight 0.0151 25 304 81 350
blight 0.0150 -7 227 45 258
blight 0.0149 333 -9 357 26
blight 0.0147 -5 185 20 271
blight 0.0146 2 187 99 274
blight 0.0145 578 555 627 604
blight 0.0145 424 574 494 591
blight 0.0145 428 -16 453 17
blight 0.0144 4 93 67 196
blight 0.0143 -18 -27 41 38
blight 0.0143 73 231 103 271
blight 0.0142 21 169 60 262
blight 0.0142 153 -15 183 24
blight 0.0142 379 -13 405 23
blight 0.0141 -8 567 45 595
blight 0.0140 101 323 169 368
blight 0.0140 -5 203 63 236
blight 0.0139 66 262 132 301
blight 0.0139 541 -4 637 25
blight 0.0138 -77 -9 73 42
blight 0.0136 437 -33 769 164
blight 0.0136 412 -15 437 16
blight 0.0136 171 -15 200 29
blight 0.0135 434 198 510 245
blight 0.0135 267 485 316 540
blight 0.0134 252 -16 279 21
blight 0.0132 -10 -9 26 28
blight 0.0132 82 212 344 432
blight 0.0131 0 83 37 123
blight 0.0130 26 150 71 183
blight 0.0130 237 -15 263 24
blight 0.0129 364 -10 389 27
Anthrax 0.1345 6 44 64 154
Anthrax 0.0796 465 402 550 476
Anthrax 0.0526 6 535 79 572
Anthrax 0.0458 109 358 228 492
Anthrax 0.0418 537 -5 591 25
Anthrax 0.0412 112 390 157 479
Anthrax 0.0391 206 409 302 510
Anthrax 0.0376 137 272 189 332
Anthrax 0.0365 4 524 46 587
Anthrax 0.0350 434 198 510 245
Anthrax 0.0344 8 549 79 587
Anthrax 0.0341 493 -5 612 22
Anthrax 0.0280 253 420 299 517
Anthrax 0.0275 -1 522 21 595
Anthrax 0.0275 7 498 41 560
Anthrax 0.0271 105 422 147 482
Anthrax 0.0260 386 426 448 462
Anthrax 0.0255 391 442 446 473
Anthrax 0.0254 454 -5 567 17
Anthrax 0.0252 567 -8 625 33
Anthrax 0.0243 4 522 74 554
Anthrax 0.0235 320 342 393 369
Anthrax 0.0229 17 53 64 101
Anthrax 0.0225 169 154 505 283
Anthrax 0.0219 107 399 137 469
Anthrax 0.0216 499 384 605 479
Anthrax 0.0202 -2 514 93 584
Anthrax 0.0199 -9 -62 46 102
Anthrax 0.0192 -2 495 18 566
Anthrax 0.0189 1 38 51 102
Anthrax 0.0174 412 341 466 371
Anthrax 0.0174 567 521 613 708
Anthrax 0.0171 127 -4 204 18
Anthrax 0.0169 418 291 523 382
Anthrax 0.0167 21 498 56 556
Anthrax 0.0166 482 -4 538 26
Anthrax 0.0166 95 535 166 566
Anthrax 0.0165 398 -3 488 14
Anthrax 0.0158 -77 -9 73 42
Anthrax 0.0157 91 -1 179 18
Anthrax 0.0156 13 424 66 452
Anthrax 0.0156 386 185 502 256
Anthrax 0.0155 28 68 60 131
Anthrax 0.0154 335 172 411 208
Anthrax 0.0151 249 476 311 516
Anthrax 0.0150 -4 577 20 632
Anthrax 0.0150 585 578 617 624
Anthrax 0.0148 167 164 318 245
Anthrax 0.0148 425 317 484 375
Anthrax 0.0148 -5 538 40 568
Anthrax 0.0148 0 544 36 594
Anthrax 0.0147 36 31 146 110
Anthrax 0.0144 555 -27 648 41
Anthrax 0.0144 63 536 137 566
Anthrax 0.0144 105 5 181 36
Anthrax 0.0143 -6 538 35 732
