iouv 0.9767 223 99 390 416
iouv 0.0737 8 52 86 239
iouv 0.0532 207 103 297 216
iouv 0.0236 532 20 586 243
iouv 0.0179 111 154 332 416
iouv 0.0171 -6 -28 21 51
iouv 0.0170 505 30 561 242
iouv 0.0167 323 188 394 419
iouv 0.0147 2 171 40 426
iouv 0.0147 234 116 352 222
iouv 0.0137 259 281 384 408
iouv 0.0130 0 17 45 203
iouv 0.0127 -5 14 22 113
iouv 0.0125 562 29 600 244
iouv 0.0109 363 193 419 403
iouv 0.0108 0 69 48 308
iouv 0.0103 -16 110 42 224
iouv 0.0103 71 63 135 241
iouv 0.0102 215 125 288 177
iouv 0.0101 471 39 524 240
blight 0.0915 72 447 111 517
blight 0.0653 64 425 128 533
blight 0.0610 19 307 61 400
blight 0.0535 52 225 121 276
blight 0.0491 40 235 75 335
blight 0.0473 51 220 88 303
blight 0.0423 25 257 56 349
blight 0.0343 90 418 120 503
blight 0.0341 13 409 59 467
blight 0.0333 11 263 73 397
blight 0.0326 289 448 357 558
blight 0.0323 520 81 597 223
blight 0.0307 20 342 55 420
blight 0.0302 308 232 403 374
blight 0.0287 36 403 117 519
blight 0.0277 6 325 75 417
blight 0.0275 368 292 405 363
blight 0.0248 20 427 59 488
blight 0.0247 63 207 104 286
blight 0.0245 547 80 584 182
blight 0.0238 36 212 107 324
blight 0.0222 356 254 397 356
blight 0.0221 256 258 330 291
blight 0.0214 534 276 568 385
blight 0.0213 346 138 374 192
blight 0.0212 328 451 353 538
blight 0.0209 511 173 581 273
blight 0.0207 411 43 504 169
blight 0.0199 238 243 313 277
blight 0.0197 584 527 617 597
blight 0.0197 385 564 460 596
blight 0.0196 56 456 96 531
blight 0.0194 291 273 363 312
blight 0.0189 310 483 345 578
blight 0.0183 535 507 593 578
blight 0.0180 584 112 615 187
blight 0.0179 228 93 264 154
blight 0.0178 536 85 567 176
blight 0.0177 568 75 595 189
blight 0.0175 336 125 379 182
blight 0.0175 34 170 95 219
blight 0.0174 21 222 55 307
blight 0.0173 41 190 101 234
blight 0.0172 2 171 40 426
blight 0.0172 558 523 598 586
blight 0.0170 41 442 75 517
blight 0.0169 0 263 38 513
blight 0.0168 359 140 390 199
blight 0.0167 30 130 81 222
blight 0.0159 7 252 48 371
blight 0.0158 418 3 477 57
blight 0.0157 0 383 41 612
blight 0.0156 225 212 297 245
blight 0.0153 242 228 313 260
blight 0.0153 44 446 109 550
blight 0.0152 0 403 18 482
blight 0.0150 102 416 131 510
blight 0.0150 372 138 406 199
Anthrax 0.1665 33 492 72 573
Anthrax 0.1346 221 88 400 396
Anthrax 0.0439 47 482 84 581
Anthrax 0.0306 18 460 72 594
Anthrax 0.0260 3 462 49 586
Anthrax 0.0184 140 304 191 391
Anthrax 0.0157 21 222 55 307
Anthrax 0.0156 204 25 233 122
Anthrax 0.0154 -3 515 38 713
Anthrax 0.0152 87 519 122 579
Anthrax 0.0146 496 155 531 245
Anthrax 0.0139 356 298 394 392
Anthrax 0.0135 -22 -7 37 21
Anthrax 0.0132 2 195 39 452
Anthrax 0.0130 181 273 223 352
Anthrax 0.0128 469 290 549 364
Anthrax 0.0126 196 275 241 362
Anthrax 0.0126 374 281 408 355
Anthrax 0.0125 164 285 198 368
Anthrax 0.0123 548 138 586 249
Anthrax 0.0123 360 178 389 285
Anthrax 0.0121 2 41 55 246
Anthrax 0.0121 14 -4 97 21
Anthrax 0.0117 7 213 41 310
Anthrax 0.0114 -1 453 21 567
Anthrax 0.0112 571 167 608 374
Anthrax 0.0111 518 137 555 233
Anthrax 0.0109 220 26 246 112
Anthrax 0.0109 161 389 199 478
Anthrax 0.0109 577 581 627 631
Anthrax 0.0108 1 348 17 435
Anthrax 0.0107 3 -57 244 355
Anthrax 0.0106 90 404 119 489
Anthrax 0.0104 461 586 542 616
Anthrax 0.0101 -15 585 41 613
