iouv 0.9668 401 425 493 566
iouv 0.9584 235 169 373 278
iouv 0.9425 178 216 328 307
iouv 0.8787 247 321 349 373
iouv 0.8213 391 150 541 228
iouv 0.6728 2 410 42 480
iouv 0.6586 553 348 603 441
iouv 0.4102 199 367 355 419
iouv 0.2952 355 272 477 313
iouv 0.2174 567 157 601 258
iouv 0.1749 184 252 341 331
iouv 0.1372 417 169 510 223
iouv 0.1288 195 291 341 355
iouv 0.1073 235 350 364 406
blight 0.1834 460 286 520 335
blight 0.0906 52 112 144 179
blight 0.0451 441 275 508 319
blight 0.0417 524 231 572 293
blight 0.0368 102 110 155 173
blight 0.0364 474 303 556 338
blight 0.0349 466 280 541 318
blight 0.0344 501 239 558 279
blight 0.0307 136 220 193 276
blight 0.0297 434 283 516 356
blight 0.0288 474 234 505 287
blight 0.0288 454 266 489 310
blight 0.0286 483 320 586 356
blight 0.0281 156 238 191 304
blight 0.0270 87 99 142 155
blight 0.0262 401 427 492 554
blight 0.0252 407 275 489 311
blight 0.0241 446 207 472 274
blight 0.0240 489 192 573 282
blight 0.0238 84 130 178 209
blight 0.0237 458 235 485 289
blight 0.0232 152 169 188 241
blight 0.0223 459 294 541 382
blight 0.0214 498 306 602 342
blight 0.0211 90 142 154 187
blight 0.0211 -8 393 30 426
blight 0.0210 488 284 569 329
blight 0.0203 118 130 185 184
blight 0.0201 455 207 485 272
blight 0.0199 133 111 167 167
blight 0.0198 584 580 619 629
blight 0.0192 427 -21 455 25
blight 0.0183 4 8 105 50
blight 0.0181 531 258 569 331
blight 0.0180 573 308 635 344
blight 0.0180 471 260 503 309
blight 0.0178 142 204 192 229
blight 0.0175 -2 396 48 475
blight 0.0174 80 112 129 168
blight 0.0174 520 318 617 360
blight 0.0173 479 268 519 325
blight 0.0172 421 301 485 342
blight 0.0164 412 -18 438 29
blight 0.0159 464 315 573 410
blight 0.0159 454 -24 774 162
blight 0.0159 458 258 554 350
blight 0.0157 435 264 474 307
blight 0.0156 147 194 186 268
blight 0.0153 443 -23 472 20
blight 0.0153 464 318 543 351
blight 0.0150 341 362 412 404
blight 0.0149 516 266 556 354
blight 0.0148 459 96 724 303
blight 0.0146 1 389 53 428
blight 0.0145 400 232 466 261
blight 0.0144 81 239 333 431
blight 0.0143 -7 409 35 451
blight 0.0143 139 221 199 249
blight 0.0142 498 269 538 346
blight 0.0142 551 72 639 112
blight 0.0140 406 409 450 475
blight 0.0140 177 238 219 299
blight 0.0139 394 -18 423 27
blight 0.0139 -4 282 21 356
blight 0.0139 418 320 485 360
blight 0.0138 -26 566 65 645
blight 0.0137 314 259 354 325
blight 0.0136 561 472 628 498
blight 0.0135 558 588 635 614
blight 0.0135 410 332 482 375
Anthrax 0.1490 3 411 42 487
Anthrax 0.0900 48 115 144 189
Anthrax 0.0883 399 433 497 563
Anthrax 0.0792 566 159 598 256
Anthrax 0.0763 547 351 605 432
Anthrax 0.0494 564 163 639 250
Anthrax 0.0415 126 293 197 334
Anthrax 0.0383 552 366 637 417
Anthrax 0.0291 508 69 605 116
Anthrax 0.0272 1 118 109 188
Anthrax 0.0237 227 403 307 430
Anthrax 0.0228 550 342 653 438
Anthrax 0.0227 101 301 199 349
Anthrax 0.0220 475 231 542 284
Anthrax 0.0207 260 181 363 289
Anthrax 0.0207 230 371 363 416
Anthrax 0.0202 150 296 194 361
Anthrax 0.0200 -1 391 28 480
Anthrax 0.0195 4 56 39 121
Anthrax 0.0192 442 588 472 623
Anthrax 0.0189 0 38 37 97
Anthrax 0.0183 232 108 322 141
Anthrax 0.0182 39 195 129 233
Anthrax 0.0180 211 425 286 451
Anthrax 0.0177 -11 389 68 473
Anthrax 0.0177 166 285 201 345
Anthrax 0.0176 232 419 301 447
Anthrax 0.0174 564 189 624 238
Anthrax 0.0168 0 125 60 213
Anthrax 0.0167 180 216 258 249
Anthrax 0.0167 -17 0 49 26
Anthrax 0.0164 286 385 389 470
Anthrax 0.0163 426 588 455 622
Anthrax 0.0163 149 406 186 462
Anthrax 0.0158 253 326 342 367
Anthrax 0.0158 457 589 489 626
Anthrax 0.0156 571 219 602 308
Anthrax 0.0153 -1 385 47 451
Anthrax 0.0148 349 359 410 409
Anthrax 0.0145 -7 -5 29 34
Anthrax 0.0143 180 226 324 308
Anthrax 0.0140 494 201 550 267
Anthrax 0.0138 275 312 316 354
Anthrax 0.0138 481 118 551 146
Anthrax 0.0136 577 209 617 286
Anthrax 0.0135 428 584 487 626
Anthrax 0.0135 570 244 635 284
Anthrax 0.0131 72 129 112 190
Anthrax 0.0130 62 473 115 529
Anthrax 0.0125 291 311 328 348
