iouv 0.0291 347 295 458 391
iouv 0.0256 42 144 475 493
iouv 0.0210 312 238 428 356
iouv 0.0205 400 -1 492 103
iouv 0.0200 1 532 95 599
iouv 0.0157 94 495 250 573
iouv 0.0134 324 359 365 420
iouv 0.0113 256 153 359 252
iouv 0.0108 122 496 238 540
iouv 0.0106 -22 -26 49 53
iouv 0.0104 276 209 404 317
iouv 0.0101 405 43 466 100
iouv 0.0101 -4 568 20 634
blight 0.0474 399 0 459 59
blight 0.0429 532 16 587 113
blight 0.0270 399 -3 490 99
blight 0.0237 566 -14 597 85
blight 0.0233 9 112 42 179
blight 0.0200 512 462 552 545
blight 0.0198 21 105 62 180
blight 0.0183 563 -3 635 26
blight 0.0170 408 -19 449 44
blight 0.0169 580 -24 616 44
blight 0.0166 406 2 474 26
blight 0.0165 553 -20 587 53
blight 0.0159 574 579 628 631
blight 0.0142 42 -12 363 181
blight 0.0139 560 3 646 98
blight 0.0135 -11 -13 28 30
blight 0.0132 575 -2 627 64
blight 0.0130 564 -1 599 39
blight 0.0128 9 87 88 186
blight 0.0125 567 565 636 598
blight 0.0121 36 163 70 220
blight 0.0117 17 160 61 223
blight 0.0116 585 533 617 604
blight 0.0115 -4 568 20 634
blight 0.0115 517 54 588 139
blight 0.0115 -10 101 34 144
blight 0.0115 560 573 647 660
blight 0.0114 -2 113 31 171
blight 0.0113 203 443 237 486
blight 0.0112 -23 563 46 649
blight 0.0111 197 300 291 328
blight 0.0111 -11 583 35 611
blight 0.0106 65 34 150 130
blight 0.0101 298 584 329 621
blight 0.0101 6 424 63 537
Anthrax 0.9951 10 144 442 464
Anthrax 0.1579 4 528 98 596
Anthrax 0.0933 416 1 533 96
Anthrax 0.0691 532 16 587 113
Anthrax 0.0369 162 16 202 71
Anthrax 0.0282 179 4 220 35
Anthrax 0.0279 58 -1 501 151
Anthrax 0.0250 -11 -13 28 30
Anthrax 0.0232 559 -43 611 109
Anthrax 0.0232 11 280 103 313
Anthrax 0.0228 -5 529 48 687
Anthrax 0.0215 412 8 469 97
Anthrax 0.0208 206 438 252 500
Anthrax 0.0187 -2 458 26 552
Anthrax 0.0179 -81 557 91 610
Anthrax 0.0177 88 475 238 567
Anthrax 0.0172 -21 539 70 636
Anthrax 0.0171 130 131 206 164
Anthrax 0.0167 4 564 93 656
Anthrax 0.0165 41 536 93 608
Anthrax 0.0163 195 145 250 167
Anthrax 0.0155 173 0 256 25
Anthrax 0.0146 406 2 466 42
Anthrax 0.0143 574 -8 627 39
Anthrax 0.0143 68 460 263 532
Anthrax 0.0142 192 2 239 35
Anthrax 0.0141 194 436 260 469
Anthrax 0.0140 85 172 155 206
Anthrax 0.0138 471 425 537 490
Anthrax 0.0137 -4 331 28 389
Anthrax 0.0134 29 555 268 604
Anthrax 0.0133 41 503 68 583
Anthrax 0.0129 453 8 528 54
Anthrax 0.0127 429 176 475 221
Anthrax 0.0126 8 119 40 194
Anthrax 0.0126 -60 500 84 574
Anthrax 0.0123 577 5 613 87
Anthrax 0.0121 447 10 506 82
Anthrax 0.0121 -11 583 35 611
Anthrax 0.0120 263 367 427 564
Anthrax 0.0120 531 -7 688 46
Anthrax 0.0119 572 529 615 714
Anthrax 0.0119 162 143 230 165
Anthrax 0.0119 269 424 322 489
