iouv 0.0148 72 271 166 417
blight 0.9161 244 164 334 342
blight 0.6696 329 369 370 420
blight 0.5965 132 168 173 216
blight 0.5752 366 166 414 214
blight 0.1893 240 166 307 276
blight 0.1391 127 149 183 227
blight 0.1260 269 218 324 319
blight 0.1058 326 360 388 442
blight 0.0771 246 205 294 286
blight 0.0739 482 291 525 419
blight 0.0682 312 103 340 172
blight 0.0647 219 152 289 325
blight 0.0629 264 235 303 331
blight 0.0566 382 172 452 211
blight 0.0556 471 324 512 425
blight 0.0540 363 176 402 235
blight 0.0539 187 64 233 143
blight 0.0529 177 4 258 169
blight 0.0515 377 123 408 206
blight 0.0514 343 157 415 230
blight 0.0505 326 97 357 174
blight 0.0466 383 145 421 216
blight 0.0460 245 163 306 219
blight 0.0386 391 114 429 207
blight 0.0384 343 88 375 187
blight 0.0379 463 561 542 591
blight 0.0370 362 50 392 119
blight 0.0363 193 0 268 20
blight 0.0361 179 26 225 126
Anthrax 0.9968 161 322 292 605
Anthrax 0.1519 539 360 597 594
Anthrax 0.0908 167 410 199 510
Anthrax 0.0651 167 361 205 477
Anthrax 0.0497 178 351 214 446
Anthrax 0.0482 71 186 158 400
Anthrax 0.0462 162 433 299 753
Anthrax 0.0401 282 225 327 318
Anthrax 0.0379 307 213 344 328
Anthrax 0.0372 246 168 340 337
Anthrax 0.0292 -6 370 38 596
Anthrax 0.0285 259 389 296 520
Anthrax 0.0265 119 265 160 349
Anthrax 0.0263 290 340 414 597
Anthrax 0.0233 172 318 253 436
Anthrax 0.0229 82 4 129 118
Anthrax 0.0227 499 482 587 592
Anthrax 0.0226 281 509 314 580
Anthrax 0.0223 89 270 181 392
Anthrax 0.0216 451 422 487 519
Anthrax 0.0213 568 505 612 692
Anthrax 0.0211 230 11 266 90
Anthrax 0.0210 263 492 295 582
Anthrax 0.0207 -6 521 34 709
Anthrax 0.0200 193 0 268 20
Anthrax 0.0190 201 5 262 40
Anthrax 0.0187 224 362 297 609
Anthrax 0.0181 112 294 162 381
Anthrax 0.0164 99 216 141 301
Anthrax 0.0163 330 378 396 601
Anthrax 0.0156 134 238 165 327
Anthrax 0.0154 281 0 338 70
Anthrax 0.0144 563 445 596 570
Anthrax 0.0143 207 141 290 250
Anthrax 0.0142 386 482 432 578
Anthrax 0.0142 567 314 612 551
Anthrax 0.0141 174 55 211 123
Anthrax 0.0140 227 0 267 29
Anthrax 0.0140 489 11 522 84
Anthrax 0.0139 236 359 311 474
Anthrax 0.0138 179 1 261 169
Anthrax 0.0138 153 484 188 582
Anthrax 0.0138 -5 559 23 635
Anthrax 0.0136 79 317 160 419
Anthrax 0.0136 204 240 287 355
Anthrax 0.0134 262 437 291 550
Anthrax 0.0134 168 17 214 109
Anthrax 0.0134 135 493 171 580
Anthrax 0.0132 182 421 211 508
Anthrax 0.0132 -7 515 19 606
Anthrax 0.0130 467 205 514 252
Anthrax 0.0130 121 227 153 311
Anthrax 0.0128 213 422 418 751
Anthrax 0.0128 568 239 598 350
Anthrax 0.0128 488 304 607 582
Anthrax 0.0127 31 297 159 556
Anthrax 0.0127 248 433 286 523
Anthrax 0.0126 184 329 217 404
