iouv 0.0538 525 299 601 360
iouv 0.0453 488 363 579 480
iouv 0.0302 234 173 584 363
iouv 0.0263 58 189 339 421
iouv 0.0239 55 85 342 320
iouv 0.0233 137 362 238 466
iouv 0.0209 225 -21 595 77
iouv 0.0192 483 581 594 615
iouv 0.0176 169 354 268 448
iouv 0.0176 169 237 244 292
iouv 0.0168 488 277 614 349
iouv 0.0152 173 -51 477 190
iouv 0.0148 0 68 108 218
iouv 0.0148 475 581 593 652
iouv 0.0147 427 -103 746 208
iouv 0.0144 55 505 333 728
iouv 0.0137 498 260 598 299
iouv 0.0133 -60 468 199 743
iouv 0.0132 75 -85 302 225
iouv 0.0131 564 219 598 308
iouv 0.0130 -3 33 46 209
iouv 0.0130 564 377 595 457
iouv 0.0128 251 205 375 241
iouv 0.0127 190 212 285 299
iouv 0.0122 -36 93 86 195
iouv 0.0115 185 329 283 416
iouv 0.0115 440 474 738 768
iouv 0.0113 315 -94 561 218
iouv 0.0112 -69 -94 205 184
iouv 0.0107 185 512 471 731
iouv 0.0105 165 386 254 483
iouv 0.0105 104 275 181 378
iouv 0.0103 -45 91 233 301
blight 0.8922 200 179 600 353
blight 0.1476 113 223 188 288
blight 0.0850 47 -51 334 188
blight 0.0837 173 -51 477 190
blight 0.0813 67 216 385 420
blight 0.0733 214 499 500 557
blight 0.0708 134 408 197 479
blight 0.0685 407 334 587 399
blight 0.0657 102 272 174 384
blight 0.0641 288 268 383 350
blight 0.0609 56 109 385 318
blight 0.0594 124 162 200 280
blight 0.0568 169 336 273 422
blight 0.0567 199 216 480 430
blight 0.0550 303 106 511 356
blight 0.0549 204 323 304 411
blight 0.0547 83 303 168 413
blight 0.0547 373 305 594 373
blight 0.0523 229 360 436 426
blight 0.0522 353 206 722 414
blight 0.0502 229 332 438 397
blight 0.0495 239 567 523 611
blight 0.0492 93 415 144 500
blight 0.0492 121 434 177 512
blight 0.0492 212 531 499 584
blight 0.0485 123 526 227 562
blight 0.0468 232 468 490 532
blight 0.0463 98 390 201 491
blight 0.0446 27 568 284 614
blight 0.0444 515 330 577 375
blight 0.0436 137 161 320 381
blight 0.0419 108 497 371 566
blight 0.0417 149 384 214 457
blight 0.0407 230 391 434 458
blight 0.0406 211 297 423 373
blight 0.0400 0 65 202 250
blight 0.0396 -57 -60 195 196
blight 0.0394 335 499 580 555
blight 0.0375 329 358 536 421
blight 0.0373 224 427 440 498
blight 0.0371 79 429 194 534
Anthrax 0.2892 483 366 577 477
Anthrax 0.0492 498 378 557 453
Anthrax 0.0469 234 203 601 394
Anthrax 0.0385 209 -2 658 251
Anthrax 0.0363 309 154 383 195
Anthrax 0.0289 219 117 616 315
Anthrax 0.0270 126 -19 554 166
Anthrax 0.0254 360 -16 809 154
Anthrax 0.0243 520 329 590 377
Anthrax 0.0243 117 143 532 429
Anthrax 0.0209 -48 -21 368 234
Anthrax 0.0184 272 188 357 218
Anthrax 0.0184 266 163 336 204
Anthrax 0.0178 62 587 136 615
Anthrax 0.0177 118 213 164 290
Anthrax 0.0171 274 284 678 625
Anthrax 0.0171 393 142 427 194
Anthrax 0.0169 -6 -91 250 333
Anthrax 0.0166 509 304 603 358
Anthrax 0.0160 236 163 289 201
Anthrax 0.0159 132 137 181 197
Anthrax 0.0156 52 582 115 633
Anthrax 0.0153 492 -133 669 265
Anthrax 0.0151 158 -36 472 316
Anthrax 0.0150 28 -9 78 23
Anthrax 0.0148 368 -74 431 84
Anthrax 0.0143 -8 -89 43 81
Anthrax 0.0141 388 -49 473 77
Anthrax 0.0139 117 586 210 616
Anthrax 0.0137 98 589 170 616
Anthrax 0.0133 168 583 201 632
Anthrax 0.0129 185 584 216 630
Anthrax 0.0127 151 583 186 634
Anthrax 0.0127 408 139 443 188
Anthrax 0.0126 88 584 144 628
Anthrax 0.0126 315 -94 561 218
Anthrax 0.0124 -124 496 283 680
Anthrax 0.0123 201 586 232 629
Anthrax 0.0123 -25 416 157 815
Anthrax 0.0122 505 173 539 225
Anthrax 0.0122 414 174 508 210
Anthrax 0.0122 23 584 107 614
Anthrax 0.0122 329 143 367 192
Anthrax 0.0120 390 25 424 64
Anthrax 0.0117 451 377 537 483
Anthrax 0.0116 114 144 159 194
Anthrax 0.0116 317 235 395 263
Anthrax 0.0116 3 426 45 515
Anthrax 0.0115 96 142 142 193
Anthrax 0.0115 136 585 169 638
Anthrax 0.0115 565 -86 618 92
Anthrax 0.0115 217 586 249 629
Anthrax 0.0114 233 177 291 220
Anthrax 0.0114 564 219 598 308
Anthrax 0.0113 164 587 256 615
Anthrax 0.0113 212 351 281 401
Anthrax 0.0112 375 21 406 64
Anthrax 0.0112 378 320 472 364
Anthrax 0.0111 224 149 293 190
Anthrax 0.0111 420 -47 504 77
Anthrax 0.0110 -18 -4 46 23
Anthrax 0.0110 -70 99 277 291
Anthrax 0.0110 95 133 152 170
Anthrax 0.0109 298 489 330 537
Anthrax 0.0108 338 -39 453 66
Anthrax 0.0107 68 82 137 134
Anthrax 0.0107 569 581 626 630
Anthrax 0.0107 280 586 313 632
Anthrax 0.0106 281 490 313 538
Anthrax 0.0106 338 -75 401 82
Anthrax 0.0105 135 145 186 238
Anthrax 0.0105 82 579 124 645
Anthrax 0.0104 439 162 505 191
Anthrax 0.0104 290 237 416 318
Anthrax 0.0104 -87 218 262 419
Anthrax 0.0104 232 587 265 629
Anthrax 0.0103 120 584 151 640
