iouv 0.0268 539 58 598 233
iouv 0.0213 532 52 606 149
iouv 0.0207 27 17 95 78
iouv 0.0145 198 -5 316 27
iouv 0.0139 0 9 59 78
iouv 0.0127 218 -16 323 46
iouv 0.0123 1 69 49 182
iouv 0.0120 0 10 27 82
iouv 0.0117 -6 -4 31 33
iouv 0.0113 270 269 389 404
blight 0.7637 185 90 227 159
blight 0.7361 105 145 174 206
blight 0.0953 169 81 216 167
blight 0.0772 135 157 179 209
blight 0.0729 508 230 605 305
blight 0.0701 276 170 331 232
blight 0.0673 198 92 253 166
blight 0.0641 220 396 283 511
blight 0.0633 95 21 169 66
blight 0.0587 98 129 158 189
blight 0.0463 215 446 277 532
blight 0.0452 80 125 139 179
blight 0.0393 298 61 327 154
blight 0.0357 52 51 83 120
blight 0.0355 170 105 239 183
blight 0.0341 69 8 132 52
blight 0.0333 50 206 126 252
blight 0.0331 286 98 318 183
blight 0.0319 141 9 187 74
blight 0.0318 40 55 71 122
blight 0.0303 111 395 187 483
blight 0.0299 275 179 362 255
blight 0.0295 113 102 151 176
blight 0.0291 210 98 247 147
blight 0.0288 214 544 318 587
blight 0.0276 4 62 64 162
blight 0.0275 116 113 205 192
blight 0.0274 -6 97 49 188
blight 0.0271 -8 159 28 210
blight 0.0264 34 117 69 176
blight 0.0259 133 139 195 180
blight 0.0258 -9 134 28 194
blight 0.0251 535 258 597 306
blight 0.0247 219 482 263 526
blight 0.0245 66 95 155 176
blight 0.0245 178 72 251 149
blight 0.0242 65 222 142 261
Anthrax 0.9996 194 215 372 504
Anthrax 0.0426 10 3 122 74
Anthrax 0.0425 1 69 49 182
Anthrax 0.0416 440 15 542 119
Anthrax 0.0364 390 239 482 335
Anthrax 0.0338 426 4 508 48
Anthrax 0.0314 190 251 238 326
Anthrax 0.0251 7 544 93 599
Anthrax 0.0242 216 362 258 467
Anthrax 0.0218 79 9 178 87
Anthrax 0.0216 458 29 524 85
Anthrax 0.0214 525 39 605 84
Anthrax 0.0185 196 229 278 334
Anthrax 0.0185 -17 585 44 613
Anthrax 0.0177 194 287 234 364
Anthrax 0.0172 210 89 286 184
Anthrax 0.0171 38 2 109 28
Anthrax 0.0168 219 92 305 131
Anthrax 0.0162 563 473 596 551
Anthrax 0.0162 -1 79 32 143
Anthrax 0.0159 157 83 216 140
Anthrax 0.0158 186 324 225 388
Anthrax 0.0158 575 474 626 535
Anthrax 0.0148 238 343 322 473
Anthrax 0.0148 151 62 216 113
Anthrax 0.0146 196 331 238 416
Anthrax 0.0146 48 6 116 53
Anthrax 0.0143 199 380 237 457
Anthrax 0.0141 424 272 489 336
Anthrax 0.0139 108 146 178 212
Anthrax 0.0138 191 233 248 299
Anthrax 0.0138 291 326 383 438
Anthrax 0.0137 356 213 474 305
Anthrax 0.0135 335 214 404 256
Anthrax 0.0133 -2 571 21 640
Anthrax 0.0131 0 494 97 595
Anthrax 0.0130 568 330 609 530
Anthrax 0.0128 424 10 517 81
Anthrax 0.0126 407 0 484 23
Anthrax 0.0125 91 28 155 74
Anthrax 0.0125 -1 21 27 92
Anthrax 0.0119 104 240 220 495
Anthrax 0.0117 18 22 96 107
Anthrax 0.0116 190 315 279 431
Anthrax 0.0113 145 3 193 36
Anthrax 0.0113 567 519 612 708
