iouv 0.0323 362 408 475 482
iouv 0.0289 -4 281 97 316
iouv 0.0205 16 270 99 299
iouv 0.0190 237 259 361 358
iouv 0.0181 397 66 505 110
iouv 0.0181 466 -6 608 106
iouv 0.0168 13 396 106 440
iouv 0.0168 497 221 598 334
iouv 0.0157 -17 265 95 336
iouv 0.0137 257 267 356 313
iouv 0.0129 498 345 600 421
iouv 0.0125 503 451 562 499
iouv 0.0122 149 5 219 96
iouv 0.0117 166 144 253 225
iouv 0.0112 486 377 577 423
iouv 0.0110 491 432 585 504
iouv 0.0104 511 313 599 384
blight 0.9865 239 267 358 354
blight 0.0673 543 469 604 541
blight 0.0542 164 93 203 143
blight 0.0503 150 73 191 142
blight 0.0501 547 408 593 526
blight 0.0480 150 112 210 153
blight 0.0472 539 538 601 605
blight 0.0465 378 146 406 266
blight 0.0449 536 434 577 517
blight 0.0412 516 180 586 247
blight 0.0393 82 4 155 53
blight 0.0384 384 159 435 198
blight 0.0368 421 318 475 364
blight 0.0359 296 475 371 591
blight 0.0335 451 473 529 597
blight 0.0332 118 125 216 164
blight 0.0325 136 50 175 124
blight 0.0318 50 0 141 95
blight 0.0308 90 368 123 424
blight 0.0306 105 33 183 122
blight 0.0305 337 52 406 98
blight 0.0296 499 195 572 263
blight 0.0296 337 15 465 82
blight 0.0295 232 400 294 467
blight 0.0292 253 265 328 307
blight 0.0291 561 565 636 599
blight 0.0278 427 301 506 356
blight 0.0277 55 9 128 57
blight 0.0259 299 434 385 549
blight 0.0253 341 85 402 237
blight 0.0252 582 574 616 629
blight 0.0245 557 585 629 615
blight 0.0238 300 267 365 329
blight 0.0234 334 44 411 136
blight 0.0234 406 -2 462 57
blight 0.0234 280 476 345 525
blight 0.0233 173 414 290 494
blight 0.0226 367 110 408 182
blight 0.0224 245 386 282 453
blight 0.0222 372 139 440 181
blight 0.0217 265 372 300 448
blight 0.0217 294 440 341 535
blight 0.0213 440 477 474 572
Anthrax 0.0744 188 12 233 97
Anthrax 0.0641 362 408 475 482
Anthrax 0.0563 561 403 595 511
Anthrax 0.0501 -4 192 101 273
Anthrax 0.0498 44 97 154 169
Anthrax 0.0484 196 466 289 515
Anthrax 0.0457 503 379 577 427
Anthrax 0.0391 369 1 425 49
Anthrax 0.0386 126 79 194 132
Anthrax 0.0381 232 261 359 355
Anthrax 0.0369 85 119 180 151
Anthrax 0.0362 374 -1 461 77
Anthrax 0.0331 44 116 136 154
Anthrax 0.0306 99 100 170 139
Anthrax 0.0283 482 460 539 517
Anthrax 0.0282 224 477 296 527
Anthrax 0.0278 197 160 303 255
Anthrax 0.0276 149 5 219 96
Anthrax 0.0276 94 373 141 423
Anthrax 0.0274 86 354 155 406
Anthrax 0.0271 491 452 561 503
Anthrax 0.0260 572 232 600 336
Anthrax 0.0257 244 173 288 254
Anthrax 0.0255 119 376 150 440
Anthrax 0.0250 73 128 193 169
Anthrax 0.0242 98 89 199 163
Anthrax 0.0231 72 438 140 466
Anthrax 0.0231 430 164 503 214
Anthrax 0.0230 387 418 443 481
Anthrax 0.0226 338 91 420 180
Anthrax 0.0225 585 260 617 332
Anthrax 0.0212 254 253 315 278
Anthrax 0.0207 539 54 596 128
Anthrax 0.0202 380 98 462 145
Anthrax 0.0199 565 7 601 106
Anthrax 0.0196 92 298 155 326
Anthrax 0.0195 517 92 580 138
Anthrax 0.0195 357 -1 408 32
Anthrax 0.0187 394 3 471 50
Anthrax 0.0187 73 340 147 380
Anthrax 0.0183 371 1 444 28
Anthrax 0.0181 499 0 590 52
Anthrax 0.0179 416 348 466 414
Anthrax 0.0179 99 57 184 133
Anthrax 0.0178 131 492 199 516
Anthrax 0.0173 15 400 129 436
Anthrax 0.0168 479 343 599 420
Anthrax 0.0164 214 452 288 497
Anthrax 0.0159 242 110 306 166
