iouv 0.0301 2 494 47 601
iouv 0.0138 476 498 558 544
iouv 0.0130 299 438 379 548
iouv 0.0118 334 13 409 49
iouv 0.0100 26 66 138 104
blight 0.9614 219 395 310 470
blight 0.0882 87 2 188 39
blight 0.0828 29 48 199 121
blight 0.0565 27 19 201 94
blight 0.0508 53 99 216 173
blight 0.0493 38 -25 330 175
blight 0.0477 188 4 341 91
blight 0.0467 177 152 216 216
blight 0.0461 133 163 199 199
blight 0.0450 205 399 273 451
blight 0.0443 13 73 176 138
blight 0.0430 75 173 101 235
blight 0.0428 25 -4 208 48
blight 0.0415 66 74 239 149
blight 0.0406 66 187 113 219
blight 0.0400 509 58 535 129
blight 0.0392 273 13 441 83
blight 0.0391 119 111 188 151
blight 0.0390 501 356 531 440
blight 0.0368 78 320 126 389
blight 0.0346 112 60 171 209
blight 0.0338 511 375 542 450
blight 0.0335 282 41 441 115
blight 0.0334 167 125 204 203
blight 0.0331 154 22 449 174
blight 0.0329 287 75 442 152
blight 0.0327 179 184 254 219
blight 0.0321 145 89 204 255
blight 0.0321 143 14 288 88
blight 0.0321 202 11 292 133
blight 0.0312 46 481 96 537
blight 0.0307 176 166 255 201
blight 0.0303 178 134 250 162
blight 0.0303 287 107 441 187
blight 0.0299 65 240 248 453
blight 0.0298 199 -15 287 79
blight 0.0296 341 128 431 238
blight 0.0294 197 -1 384 48
blight 0.0292 99 -42 179 67
blight 0.0290 388 0 448 41
blight 0.0288 256 137 411 215
blight 0.0284 49 183 98 214
blight 0.0284 80 60 141 209
blight 0.0282 141 -41 214 63
blight 0.0279 46 100 332 316
blight 0.0278 115 107 266 177
blight 0.0276 90 138 239 207
blight 0.0275 145 39 206 187
blight 0.0275 191 161 230 208
blight 0.0274 78 -71 144 76
blight 0.0268 228 421 324 533
blight 0.0268 0 352 19 445
Anthrax 0.1125 338 505 423 595
Anthrax 0.1077 58 240 179 295
Anthrax 0.0781 169 308 264 413
Anthrax 0.0780 40 433 141 471
Anthrax 0.0397 402 1 444 31
Anthrax 0.0362 208 -1 284 22
Anthrax 0.0330 355 84 393 148
Anthrax 0.0317 176 324 232 368
Anthrax 0.0293 371 3 452 43
Anthrax 0.0292 211 9 286 43
Anthrax 0.0292 242 0 318 20
Anthrax 0.0272 178 22 303 125
Anthrax 0.0271 146 326 224 424
Anthrax 0.0265 10 133 44 204
Anthrax 0.0263 177 3 248 41
Anthrax 0.0258 19 436 99 473
Anthrax 0.0253 46 238 146 328
Anthrax 0.0248 360 414 458 533
Anthrax 0.0234 299 438 379 548
Anthrax 0.0225 236 6 320 48
Anthrax 0.0212 366 270 466 297
Anthrax 0.0210 194 306 261 375
Anthrax 0.0206 9 448 61 496
Anthrax 0.0199 196 -1 240 30
Anthrax 0.0198 508 472 563 512
Anthrax 0.0192 355 61 393 122
Anthrax 0.0188 337 113 392 159
Anthrax 0.0185 180 250 264 326
Anthrax 0.0185 342 79 381 140
Anthrax 0.0184 214 312 280 416
Anthrax 0.0179 1 421 49 488
Anthrax 0.0177 233 180 336 217
Anthrax 0.0176 188 328 237 403
Anthrax 0.0176 10 23 42 83
Anthrax 0.0175 154 309 218 347
Anthrax 0.0174 38 215 109 249
Anthrax 0.0173 0 339 43 533
Anthrax 0.0172 56 233 152 271
Anthrax 0.0168 275 0 352 18
Anthrax 0.0166 -5 301 32 360
Anthrax 0.0159 512 309 594 388
Anthrax 0.0158 2 438 53 537
Anthrax 0.0155 415 7 486 46
Anthrax 0.0153 289 390 368 479
Anthrax 0.0149 10 216 100 317
Anthrax 0.0148 318 119 371 155
Anthrax 0.0147 0 325 84 370
Anthrax 0.0147 -5 528 36 713
Anthrax 0.0145 69 253 145 303
Anthrax 0.0143 458 72 485 146
Anthrax 0.0143 328 6 431 47
Anthrax 0.0141 381 187 494 288
Anthrax 0.0140 568 529 614 704
Anthrax 0.0140 307 439 362 503
Anthrax 0.0139 28 76 115 130
Anthrax 0.0137 365 42 414 97
Anthrax 0.0137 197 -20 298 40
Anthrax 0.0136 414 -1 462 28
Anthrax 0.0136 2 144 24 214
Anthrax 0.0136 2 494 47 601
Anthrax 0.0132 352 0 450 25
Anthrax 0.0132 373 64 410 127
Anthrax 0.0131 311 12 387 46
