iouv 0.0972 207 181 282 295
iouv 0.0400 96 227 193 351
iouv 0.0278 211 222 279 278
iouv 0.0216 212 5 298 125
iouv 0.0198 204 235 262 296
iouv 0.0133 -9 337 93 415
iouv 0.0106 202 245 280 325
blight 0.8246 158 53 225 138
blight 0.1467 171 203 222 294
blight 0.0843 139 49 211 180
blight 0.0704 103 54 193 194
blight 0.0663 485 113 553 209
blight 0.0637 83 50 229 294
blight 0.0589 74 331 194 513
blight 0.0572 179 206 254 313
blight 0.0564 102 233 180 367
blight 0.0559 167 216 212 268
blight 0.0557 234 8 293 95
blight 0.0483 74 60 158 203
blight 0.0444 161 11 231 106
blight 0.0413 131 49 305 279
blight 0.0389 188 54 232 128
blight 0.0374 111 187 159 250
blight 0.0340 326 -16 419 54
blight 0.0334 153 37 196 103
blight 0.0331 162 78 208 152
blight 0.0306 62 22 279 204
blight 0.0297 261 331 297 407
blight 0.0295 109 162 178 328
blight 0.0293 85 42 208 126
blight 0.0292 316 0 405 33
blight 0.0291 133 453 170 547
blight 0.0282 171 67 239 223
blight 0.0281 267 156 318 223
blight 0.0277 201 27 275 139
blight 0.0274 87 174 226 398
blight 0.0264 116 490 191 582
blight 0.0257 581 406 616 488
blight 0.0252 525 556 577 602
blight 0.0239 165 18 295 88
blight 0.0239 35 67 85 138
Anthrax 0.0879 476 -6 594 64
Anthrax 0.0517 200 395 317 534
Anthrax 0.0402 563 400 605 592
Anthrax 0.0386 509 -4 668 50
Anthrax 0.0329 500 59 541 113
Anthrax 0.0326 194 216 271 315
Anthrax 0.0321 489 4 582 38
Anthrax 0.0313 135 333 193 391
Anthrax 0.0288 536 398 595 573
Anthrax 0.0261 493 -4 550 57
Anthrax 0.0247 568 512 613 706
Anthrax 0.0236 517 -15 556 38
Anthrax 0.0231 507 260 598 418
Anthrax 0.0227 212 5 298 125
Anthrax 0.0218 550 -27 623 76
Anthrax 0.0218 240 220 278 295
Anthrax 0.0213 279 227 317 308
Anthrax 0.0212 515 53 556 109
Anthrax 0.0206 428 19 480 127
Anthrax 0.0197 95 62 143 127
Anthrax 0.0194 166 342 201 432
Anthrax 0.0185 75 61 154 160
Anthrax 0.0179 133 327 183 363
Anthrax 0.0179 411 201 508 297
Anthrax 0.0179 480 69 524 134
Anthrax 0.0178 172 416 203 500
Anthrax 0.0169 168 320 200 377
Anthrax 0.0163 182 294 217 353
Anthrax 0.0163 459 54 509 117
Anthrax 0.0158 190 259 265 349
Anthrax 0.0157 210 206 261 275
Anthrax 0.0156 501 -15 539 40
Anthrax 0.0156 47 -9 100 32
Anthrax 0.0156 455 34 570 135
Anthrax 0.0155 560 -5 635 22
Anthrax 0.0154 579 523 620 605
Anthrax 0.0153 556 261 618 415
Anthrax 0.0149 171 377 206 460
Anthrax 0.0149 416 127 458 214
Anthrax 0.0149 505 -54 663 69
Anthrax 0.0147 212 242 251 314
Anthrax 0.0146 541 -1 592 39
Anthrax 0.0145 318 149 420 215
Anthrax 0.0144 244 520 280 581
Anthrax 0.0143 531 -20 571 40
Anthrax 0.0140 344 -4 400 41
Anthrax 0.0135 92 334 184 381
Anthrax 0.0130 -3 525 36 721
Anthrax 0.0130 545 274 588 376
Anthrax 0.0129 564 321 613 488
Anthrax 0.0126 235 9 294 85
Anthrax 0.0126 -7 -70 250 339
Anthrax 0.0125 534 522 584 707
Anthrax 0.0124 484 0 529 42
Anthrax 0.0123 538 324 650 408
Anthrax 0.0123 519 330 595 463
Anthrax 0.0123 204 113 289 220
Anthrax 0.0123 566 181 614 384
