iouv 0.1095 242 266 303 335
iouv 0.0544 4 26 140 138
iouv 0.0483 457 21 525 74
iouv 0.0430 507 1 594 134
iouv 0.0346 401 354 513 424
iouv 0.0315 174 304 261 350
iouv 0.0311 176 279 287 344
iouv 0.0226 558 406 596 476
iouv 0.0220 23 281 118 362
iouv 0.0214 18 49 98 124
iouv 0.0205 369 318 488 407
iouv 0.0202 -9 233 101 338
iouv 0.0180 101 301 191 336
iouv 0.0179 504 409 594 475
iouv 0.0167 165 87 444 314
iouv 0.0166 326 372 438 447
iouv 0.0163 248 578 337 616
iouv 0.0135 323 64 404 146
iouv 0.0135 330 64 396 101
iouv 0.0134 217 4 315 70
iouv 0.0131 136 218 251 275
iouv 0.0131 66 363 199 459
iouv 0.0128 197 241 308 321
iouv 0.0127 315 591 389 611
iouv 0.0125 85 276 176 335
iouv 0.0117 419 368 498 410
iouv 0.0116 344 243 428 278
iouv 0.0116 338 375 414 409
iouv 0.0114 563 95 591 186
iouv 0.0113 -18 -5 54 22
iouv 0.0107 167 6 385 59
iouv 0.0106 392 366 463 419
iouv 0.0106 177 215 432 441
iouv 0.0105 192 7 306 35
iouv 0.0105 11 17 88 95
iouv 0.0105 403 386 482 431
iouv 0.0105 172 241 284 282
iouv 0.0104 80 78 330 310
iouv 0.0102 0 49 27 154
blight 0.9646 501 407 596 480
blight 0.7490 266 414 309 479
blight 0.4445 219 3 335 65
blight 0.1850 62 460 218 483
blight 0.1666 294 244 327 383
blight 0.1215 538 411 588 470
blight 0.1008 10 466 214 517
blight 0.0991 281 268 323 456
blight 0.0900 245 12 437 77
blight 0.0848 168 -28 375 77
blight 0.0833 15 432 222 487
blight 0.0822 255 247 297 424
blight 0.0803 286 98 331 296
blight 0.0731 157 -26 462 172
blight 0.0690 195 11 272 61
blight 0.0690 5 500 206 557
blight 0.0682 281 5 327 147
blight 0.0668 13 395 216 465
blight 0.0660 507 1 594 134
blight 0.0620 283 412 323 474
blight 0.0615 10 328 193 424
blight 0.0610 269 3 353 42
blight 0.0598 231 36 401 104
blight 0.0579 280 248 319 350
blight 0.0559 312 247 351 429
blight 0.0552 288 264 336 323
blight 0.0535 309 13 356 150
blight 0.0534 166 56 411 282
blight 0.0526 293 194 332 330
blight 0.0526 243 0 340 26
blight 0.0525 84 9 168 37
blight 0.0519 128 457 260 479
blight 0.0519 1 534 207 590
blight 0.0517 296 68 325 178
blight 0.0512 276 358 338 449
blight 0.0503 254 133 295 328
blight 0.0498 264 415 339 501
blight 0.0489 -24 569 212 612
Anthrax 0.0771 566 77 593 158
Anthrax 0.0728 501 3 596 93
Anthrax 0.0717 459 23 526 78
Anthrax 0.0659 194 127 296 233
Anthrax 0.0404 192 1 317 49
Anthrax 0.0353 421 151 477 183
Anthrax 0.0319 325 5 430 80
Anthrax 0.0309 412 165 479 204
Anthrax 0.0308 -8 6 98 37
Anthrax 0.0305 394 270 458 316
Anthrax 0.0303 210 166 296 260
Anthrax 0.0288 446 15 537 105
Anthrax 0.0268 -2 295 29 345
Anthrax 0.0268 392 57 468 93
Anthrax 0.0256 4 288 52 348
Anthrax 0.0252 581 88 615 150
Anthrax 0.0248 568 3 597 91
Anthrax 0.0245 310 5 401 51
Anthrax 0.0228 93 304 207 350
Anthrax 0.0226 350 51 443 86
Anthrax 0.0223 -5 17 75 57
Anthrax 0.0212 528 8 583 75
Anthrax 0.0212 505 401 643 469
Anthrax 0.0211 -3 231 101 337
Anthrax 0.0211 217 146 281 220
Anthrax 0.0208 269 3 353 42
Anthrax 0.0204 229 126 289 188
Anthrax 0.0202 357 216 416 256
Anthrax 0.0199 336 155 385 256
Anthrax 0.0198 -11 26 43 52
Anthrax 0.0197 546 66 591 139
Anthrax 0.0188 416 51 463 126
Anthrax 0.0186 350 229 422 285
Anthrax 0.0185 2 255 63 334
Anthrax 0.0181 359 186 397 249
Anthrax 0.0177 572 49 596 122
Anthrax 0.0173 446 44 498 84
Anthrax 0.0173 372 264 475 334
Anthrax 0.0172 44 28 137 61
Anthrax 0.0170 0 441 94 480
Anthrax 0.0170 -4 28 143 133
Anthrax 0.0169 -18 -5 54 22
Anthrax 0.0169 558 406 596 476
Anthrax 0.0169 528 49 604 159
Anthrax 0.0167 323 2 370 33
Anthrax 0.0167 173 67 262 110
Anthrax 0.0164 384 154 452 185
Anthrax 0.0163 568 69 648 168
Anthrax 0.0161 299 392 344 452
Anthrax 0.0158 154 61 218 113
Anthrax 0.0155 6 -1 106 25
Anthrax 0.0153 340 21 466 96
Anthrax 0.0148 285 362 331 460
Anthrax 0.0146 373 252 442 308
Anthrax 0.0145 459 38 544 139
Anthrax 0.0143 236 499 327 596
Anthrax 0.0142 573 89 625 123
Anthrax 0.0142 569 100 626 139
Anthrax 0.0140 390 38 481 83
Anthrax 0.0138 234 578 324 649
Anthrax 0.0136 78 3 168 25
Anthrax 0.0136 45 308 221 392
Anthrax 0.0135 -13 39 36 69
Anthrax 0.0135 502 419 595 499
