iouv 0.0643 404 222 513 309
iouv 0.0618 -11 252 106 363
iouv 0.0355 390 210 495 276
iouv 0.0266 63 88 354 292
iouv 0.0242 364 273 430 312
iouv 0.0171 0 255 52 396
iouv 0.0160 365 286 435 331
iouv 0.0143 372 192 472 260
iouv 0.0141 417 219 500 258
iouv 0.0133 0 274 25 394
iouv 0.0129 69 225 171 265
iouv 0.0123 155 217 244 271
iouv 0.0122 425 230 507 281
iouv 0.0118 480 447 705 757
iouv 0.0116 14 236 132 321
iouv 0.0114 240 108 363 218
iouv 0.0112 74 152 193 247
blight 0.9505 121 125 377 284
blight 0.1788 164 189 273 273
blight 0.1363 83 167 182 261
blight 0.1027 205 195 324 277
blight 0.1008 219 226 312 267
blight 0.0828 261 160 390 249
blight 0.0812 259 302 298 409
blight 0.0709 214 164 255 232
blight 0.0689 194 156 276 241
blight 0.0629 368 210 444 250
blight 0.0603 342 203 393 248
blight 0.0591 51 -35 352 190
blight 0.0586 199 188 259 248
blight 0.0549 278 316 311 399
blight 0.0536 79 63 282 282
blight 0.0510 332 195 410 274
blight 0.0506 298 308 410 453
blight 0.0460 149 109 334 205
blight 0.0442 154 164 390 368
blight 0.0436 185 98 310 265
blight 0.0434 319 196 380 239
blight 0.0420 59 224 368 417
blight 0.0395 257 248 294 343
blight 0.0388 350 233 504 304
blight 0.0369 354 222 395 280
blight 0.0365 196 105 241 191
blight 0.0359 271 272 428 328
blight 0.0345 267 242 447 303
blight 0.0338 339 217 375 275
Anthrax 0.0521 353 246 431 314
Anthrax 0.0274 174 131 231 174
Anthrax 0.0262 70 96 375 294
Anthrax 0.0234 -8 -5 28 33
Anthrax 0.0205 -1 21 23 110
Anthrax 0.0198 377 267 429 317
Anthrax 0.0193 171 111 222 157
Anthrax 0.0184 297 245 326 314
Anthrax 0.0183 1 72 48 195
Anthrax 0.0174 182 145 249 187
Anthrax 0.0171 363 289 430 333
Anthrax 0.0169 158 179 265 266
Anthrax 0.0169 -7 514 36 726
Anthrax 0.0165 -39 -15 380 233
Anthrax 0.0157 571 522 622 718
Anthrax 0.0146 312 240 340 317
Anthrax 0.0146 370 240 410 295
Anthrax 0.0144 286 363 372 463
Anthrax 0.0134 -8 17 29 75
Anthrax 0.0131 484 450 679 790
Anthrax 0.0127 354 236 394 294
Anthrax 0.0127 -23 -26 48 47
Anthrax 0.0124 375 591 408 638
Anthrax 0.0123 203 93 265 142
Anthrax 0.0121 0 83 20 186
Anthrax 0.0120 305 103 350 164
Anthrax 0.0119 143 92 473 443
Anthrax 0.0119 23 241 96 267
Anthrax 0.0119 189 111 246 156
Anthrax 0.0119 261 233 312 286
Anthrax 0.0118 390 591 424 639
Anthrax 0.0114 92 -15 498 164
Anthrax 0.0114 191 352 250 448
Anthrax 0.0110 154 123 245 211
Anthrax 0.0110 363 314 423 352
Anthrax 0.0108 427 219 511 255
Anthrax 0.0108 -16 498 87 811
Anthrax 0.0107 359 592 392 638
Anthrax 0.0106 170 324 206 407
Anthrax 0.0103 551 551 662 666
Anthrax 0.0103 -1 151 114 229
Anthrax 0.0103 -17 10 28 42
Anthrax 0.0103 199 311 233 386
Anthrax 0.0101 496 566 705 628
Anthrax 0.0101 5 -4 51 34
Anthrax 0.0100 245 214 318 296
