iouv 0.0918 395 122 503 204
iouv 0.0582 496 215 589 266
iouv 0.0529 146 469 225 514
iouv 0.0317 179 263 273 344
iouv 0.0280 469 238 602 330
iouv 0.0275 468 81 565 160
iouv 0.0216 129 427 228 511
iouv 0.0215 288 205 379 280
iouv 0.0205 525 306 598 402
iouv 0.0204 462 209 557 246
iouv 0.0188 509 257 593 307
iouv 0.0165 244 289 341 388
iouv 0.0134 407 140 479 193
iouv 0.0127 18 334 109 417
iouv 0.0127 561 330 602 422
iouv 0.0124 434 354 514 481
iouv 0.0121 203 313 316 413
iouv 0.0118 497 201 594 237
iouv 0.0117 418 439 515 561
iouv 0.0116 517 83 569 132
iouv 0.0112 218 267 284 306
iouv 0.0108 406 201 498 279
iouv 0.0104 510 92 556 154
iouv 0.0102 410 493 496 577
blight 0.8902 329 214 434 300
blight 0.0780 333 200 409 271
blight 0.0642 349 242 433 330
blight 0.0627 218 267 284 306
blight 0.0614 378 227 444 270
blight 0.0543 354 158 402 239
blight 0.0508 378 268 433 322
blight 0.0484 370 190 413 258
blight 0.0434 369 233 430 294
blight 0.0425 357 219 428 264
blight 0.0412 341 232 397 295
blight 0.0362 364 286 423 330
blight 0.0349 295 206 397 287
blight 0.0343 521 170 601 204
blight 0.0339 401 226 471 266
blight 0.0309 1 208 24 286
blight 0.0305 229 11 256 68
blight 0.0293 190 256 300 319
blight 0.0288 288 8 361 89
blight 0.0283 392 157 425 231
blight 0.0256 5 229 51 295
blight 0.0250 375 290 410 344
blight 0.0249 328 42 411 150
blight 0.0234 66 565 153 597
blight 0.0220 393 334 426 395
blight 0.0220 375 312 405 364
blight 0.0218 436 340 469 385
blight 0.0216 409 290 437 352
blight 0.0215 372 137 411 228
blight 0.0212 -3 -22 20 42
blight 0.0210 356 257 398 311
blight 0.0206 208 8 244 73
blight 0.0204 424 317 456 374
blight 0.0204 240 490 286 590
blight 0.0203 405 178 437 252
blight 0.0203 157 326 204 365
blight 0.0202 346 189 466 253
blight 0.0201 440 570 500 593
blight 0.0198 259 470 298 540
blight 0.0193 413 312 439 374
blight 0.0190 392 311 424 370
blight 0.0190 20 3 57 77
blight 0.0183 421 354 472 393
blight 0.0181 584 502 613 578
blight 0.0179 -16 -4 40 21
blight 0.0177 36 6 72 61
Anthrax 0.2495 313 435 378 528
Anthrax 0.0669 284 209 384 285
Anthrax 0.0668 394 449 490 551
Anthrax 0.0650 231 108 343 175
Anthrax 0.0550 491 216 607 297
Anthrax 0.0457 303 61 343 135
Anthrax 0.0438 169 272 247 331
Anthrax 0.0421 244 75 328 162
Anthrax 0.0388 363 267 425 320
Anthrax 0.0375 162 463 223 530
Anthrax 0.0356 2 398 43 469
Anthrax 0.0350 241 107 299 164
Anthrax 0.0348 62 345 120 376
Anthrax 0.0346 517 83 569 132
Anthrax 0.0343 390 393 426 483
Anthrax 0.0339 272 280 325 306
Anthrax 0.0323 347 258 404 316
Anthrax 0.0312 230 500 313 596
Anthrax 0.0311 395 452 450 529
Anthrax 0.0297 48 352 87 413
Anthrax 0.0286 60 359 115 392
Anthrax 0.0270 7 113 44 198
Anthrax 0.0258 259 291 324 329
Anthrax 0.0250 34 390 72 413
Anthrax 0.0228 129 427 228 511
Anthrax 0.0227 30 349 77 378
Anthrax 0.0225 126 366 234 480
Anthrax 0.0222 559 216 595 293
Anthrax 0.0222 252 278 306 309
Anthrax 0.0221 469 238 602 330
Anthrax 0.0219 183 249 219 283
Anthrax 0.0212 26 361 82 398
Anthrax 0.0211 194 262 293 339
Anthrax 0.0204 226 356 315 452
Anthrax 0.0198 15 415 55 470
Anthrax 0.0197 413 472 466 550
Anthrax 0.0193 67 334 107 402
Anthrax 0.0192 481 462 523 552
Anthrax 0.0189 437 446 520 566
Anthrax 0.0189 64 328 118 357
Anthrax 0.0186 395 413 440 498
Anthrax 0.0185 8 209 100 257
Anthrax 0.0184 161 286 220 328
Anthrax 0.0183 495 90 561 141
Anthrax 0.0181 336 235 410 299
Anthrax 0.0180 468 81 565 160
Anthrax 0.0177 50 330 96 357
Anthrax 0.0176 35 331 69 396
Anthrax 0.0174 395 135 501 218
Anthrax 0.0174 22 405 64 441
Anthrax 0.0173 290 49 360 152
Anthrax 0.0172 -16 -4 40 21
Anthrax 0.0170 21 260 84 296
Anthrax 0.0169 0 20 45 217
Anthrax 0.0167 306 466 358 545
Anthrax 0.0167 81 536 129 571
Anthrax 0.0167 194 249 238 284
Anthrax 0.0165 583 222 614 290
