iouv 0.0282 359 401 428 510
iouv 0.0253 270 140 304 197
iouv 0.0187 263 2 354 101
iouv 0.0175 149 73 224 244
iouv 0.0162 481 407 553 462
iouv 0.0159 549 413 592 478
iouv 0.0149 335 225 436 343
iouv 0.0142 294 258 368 389
iouv 0.0135 563 386 594 462
iouv 0.0124 162 94 205 180
iouv 0.0121 -3 566 23 638
iouv 0.0115 532 479 592 517
blight 0.9829 385 355 516 500
blight 0.8286 375 506 424 575
blight 0.1909 395 365 463 458
blight 0.1533 476 357 530 411
blight 0.1201 444 437 479 505
blight 0.0948 427 321 453 398
blight 0.0853 438 401 476 493
blight 0.0805 395 395 432 457
blight 0.0799 443 357 523 435
blight 0.0598 431 385 502 501
blight 0.0546 469 7 517 58
blight 0.0525 291 266 363 457
blight 0.0506 22 307 83 410
blight 0.0492 240 -6 285 47
blight 0.0488 308 82 349 175
blight 0.0468 457 373 536 472
blight 0.0448 445 1 510 46
blight 0.0443 419 385 473 422
blight 0.0425 226 5 268 89
blight 0.0422 401 390 456 437
blight 0.0421 314 126 344 214
blight 0.0402 487 339 538 399
blight 0.0397 420 362 458 428
blight 0.0377 403 489 434 564
blight 0.0370 437 380 495 421
blight 0.0359 448 394 489 470
blight 0.0350 530 315 600 365
blight 0.0347 474 378 536 425
Anthrax 0.0762 271 138 305 200
Anthrax 0.0637 545 388 589 459
Anthrax 0.0485 232 486 315 584
Anthrax 0.0484 451 246 497 366
Anthrax 0.0360 453 495 536 599
Anthrax 0.0358 291 266 363 457
Anthrax 0.0323 123 508 178 582
Anthrax 0.0300 311 70 351 156
Anthrax 0.0300 260 487 295 565
Anthrax 0.0298 490 34 550 261
Anthrax 0.0276 -2 352 40 569
Anthrax 0.0268 359 340 392 405
Anthrax 0.0248 10 490 46 600
Anthrax 0.0228 356 155 390 211
Anthrax 0.0226 524 60 568 118
Anthrax 0.0222 305 260 348 382
Anthrax 0.0220 559 399 595 482
Anthrax 0.0217 -3 253 37 495
Anthrax 0.0215 589 390 615 460
Anthrax 0.0211 371 328 408 401
Anthrax 0.0206 138 495 199 586
Anthrax 0.0199 566 374 595 454
Anthrax 0.0190 316 13 406 189
Anthrax 0.0189 549 134 591 238
Anthrax 0.0183 494 525 543 589
Anthrax 0.0178 112 480 157 572
Anthrax 0.0174 -4 515 37 707
Anthrax 0.0173 54 531 96 594
Anthrax 0.0171 -3 566 23 638
Anthrax 0.0167 359 401 428 510
Anthrax 0.0160 262 122 300 179
Anthrax 0.0157 435 162 475 249
Anthrax 0.0155 259 -2 352 107
Anthrax 0.0152 39 526 76 591
Anthrax 0.0147 313 50 372 173
Anthrax 0.0145 374 148 404 203
Anthrax 0.0144 260 466 293 529
Anthrax 0.0143 370 295 439 382
Anthrax 0.0142 466 236 503 333
Anthrax 0.0141 216 16 253 105
Anthrax 0.0137 445 432 478 508
Anthrax 0.0137 490 234 520 333
Anthrax 0.0134 507 100 561 218
Anthrax 0.0133 538 158 566 239
Anthrax 0.0131 581 180 618 257
Anthrax 0.0130 -16 583 39 615
Anthrax 0.0127 5 564 43 629
Anthrax 0.0127 -4 152 36 401
Anthrax 0.0122 480 483 521 562
Anthrax 0.0121 450 175 496 255
Anthrax 0.0121 550 95 580 188
Anthrax 0.0120 476 24 533 69
Anthrax 0.0117 569 59 595 149
Anthrax 0.0117 514 501 560 576
Anthrax 0.0117 541 54 580 115
Anthrax 0.0116 363 372 396 446
Anthrax 0.0116 424 175 460 267
Anthrax 0.0115 -4 68 42 300
Anthrax 0.0115 165 104 451 479
Anthrax 0.0115 566 85 592 191
Anthrax 0.0114 247 473 280 564
Anthrax 0.0114 280 134 313 174
Anthrax 0.0113 271 486 309 593
Anthrax 0.0113 389 413 429 489
Anthrax 0.0112 561 467 623 500
