iouv 0.0966 326 327 387 375
iouv 0.0606 164 28 254 164
iouv 0.0527 132 333 184 405
iouv 0.0486 91 371 180 495
iouv 0.0343 311 272 406 372
iouv 0.0334 512 42 601 130
iouv 0.0261 198 341 372 580
iouv 0.0248 144 6 235 122
iouv 0.0240 125 349 194 455
iouv 0.0238 1 384 43 600
iouv 0.0235 344 4 452 81
iouv 0.0211 192 491 452 725
iouv 0.0197 181 98 267 251
iouv 0.0179 202 327 293 403
iouv 0.0168 146 359 193 423
iouv 0.0167 493 450 596 542
iouv 0.0167 259 495 385 599
iouv 0.0161 559 39 599 140
iouv 0.0152 332 347 379 396
iouv 0.0148 -17 214 49 311
iouv 0.0144 122 -3 211 94
iouv 0.0141 389 372 461 573
iouv 0.0135 488 331 600 422
iouv 0.0130 522 131 587 310
iouv 0.0126 394 9 461 73
iouv 0.0116 361 3 460 30
iouv 0.0114 50 52 313 306
iouv 0.0114 202 365 291 566
iouv 0.0114 58 0 168 69
iouv 0.0113 502 321 580 378
iouv 0.0112 65 496 330 723
iouv 0.0111 219 580 298 607
iouv 0.0105 208 217 447 440
blight 0.9744 278 246 430 388
blight 0.9611 113 316 184 389
blight 0.2108 285 264 375 360
blight 0.1322 92 332 158 378
blight 0.1096 116 520 199 609
blight 0.1069 476 9 521 92
blight 0.0791 133 337 188 406
blight 0.0727 394 333 421 400
blight 0.0720 304 333 345 413
blight 0.0688 319 28 370 86
blight 0.0655 333 246 421 343
blight 0.0597 452 10 520 56
blight 0.0536 143 511 184 588
blight 0.0514 335 7 476 83
blight 0.0469 397 92 445 144
blight 0.0459 328 21 419 91
blight 0.0437 198 341 372 580
blight 0.0434 121 520 175 555
blight 0.0433 400 338 438 391
blight 0.0423 110 526 172 681
blight 0.0416 -18 585 38 614
blight 0.0403 148 312 196 378
blight 0.0380 512 544 602 586
blight 0.0372 283 274 341 329
blight 0.0339 154 520 210 557
blight 0.0338 338 16 377 76
blight 0.0326 110 312 189 475
blight 0.0324 431 321 476 371
blight 0.0315 396 308 505 374
blight 0.0312 305 361 346 444
blight 0.0309 45 -22 321 203
Anthrax 0.1781 514 42 598 135
Anthrax 0.1197 329 1 473 76
Anthrax 0.0998 97 374 181 496
Anthrax 0.0492 123 400 170 483
Anthrax 0.0479 75 502 168 584
Anthrax 0.0436 407 124 501 227
Anthrax 0.0371 87 505 133 573
Anthrax 0.0339 202 389 287 538
Anthrax 0.0287 338 317 399 376
Anthrax 0.0255 222 403 275 460
Anthrax 0.0236 329 177 364 258
Anthrax 0.0214 75 467 165 554
Anthrax 0.0212 93 435 182 519
Anthrax 0.0206 77 520 112 580
Anthrax 0.0200 149 380 184 459
Anthrax 0.0196 394 9 461 73
Anthrax 0.0193 -9 234 34 301
Anthrax 0.0190 275 183 315 251
Anthrax 0.0187 113 421 156 497
Anthrax 0.0182 377 295 412 363
Anthrax 0.0178 445 480 478 577
Anthrax 0.0178 209 442 415 759
Anthrax 0.0177 105 377 147 475
Anthrax 0.0174 2 341 111 431
Anthrax 0.0171 195 413 247 527
Anthrax 0.0168 140 350 191 423
Anthrax 0.0162 417 121 488 187
Anthrax 0.0161 326 275 418 379
Anthrax 0.0160 110 465 166 505
Anthrax 0.0157 159 514 199 573
Anthrax 0.0153 184 456 255 549
Anthrax 0.0151 413 199 506 299
Anthrax 0.0146 341 170 381 258
Anthrax 0.0146 162 94 464 474
Anthrax 0.0146 378 176 458 276
Anthrax 0.0146 352 340 393 387
Anthrax 0.0142 -3 532 36 717
Anthrax 0.0141 351 280 398 359
Anthrax 0.0140 571 119 632 155
Anthrax 0.0140 -18 585 38 614
Anthrax 0.0139 373 -10 473 55
Anthrax 0.0136 189 3 235 43
Anthrax 0.0135 109 536 166 599
Anthrax 0.0131 394 1 453 39
Anthrax 0.0130 396 26 483 103
Anthrax 0.0129 -10 -77 250 330
Anthrax 0.0127 271 161 363 262
Anthrax 0.0126 328 135 385 200
Anthrax 0.0124 0 30 53 136
Anthrax 0.0124 428 139 474 224
Anthrax 0.0124 1 384 43 600
Anthrax 0.0123 358 -39 439 78
Anthrax 0.0123 581 88 616 152
Anthrax 0.0120 391 74 427 134
Anthrax 0.0119 292 342 346 414
Anthrax 0.0118 7 296 49 394
