iouv 0.1440 1 345 115 415
iouv 0.0476 19 361 97 403
iouv 0.0257 171 227 371 389
iouv 0.0248 22 381 119 465
iouv 0.0206 19 15 109 139
iouv 0.0200 38 405 100 450
iouv 0.0192 345 435 445 476
iouv 0.0180 555 586 631 615
iouv 0.0179 183 469 288 593
iouv 0.0164 184 403 279 554
iouv 0.0155 96 486 196 601
iouv 0.0152 564 574 597 624
iouv 0.0146 558 115 600 211
iouv 0.0142 564 531 595 597
iouv 0.0136 506 221 609 314
iouv 0.0136 97 317 187 423
iouv 0.0134 501 118 603 212
iouv 0.0130 472 320 598 406
iouv 0.0123 367 515 471 606
iouv 0.0122 293 385 399 471
iouv 0.0117 434 447 522 540
iouv 0.0110 -4 322 19 411
iouv 0.0103 -5 -25 20 42
blight 0.9962 169 229 381 408
blight 0.0859 178 232 268 337
blight 0.0825 160 105 246 222
blight 0.0668 228 268 315 393
blight 0.0574 253 266 380 381
blight 0.0532 185 207 228 288
blight 0.0512 245 335 277 412
blight 0.0498 188 241 251 302
blight 0.0491 172 98 220 198
blight 0.0478 231 280 273 386
blight 0.0451 165 70 202 153
blight 0.0446 550 552 596 597
blight 0.0417 158 147 237 280
blight 0.0395 175 161 224 255
blight 0.0383 254 341 293 404
blight 0.0379 158 131 206 213
blight 0.0373 108 310 199 411
blight 0.0339 148 67 227 181
blight 0.0308 242 371 274 430
blight 0.0295 177 61 215 154
blight 0.0294 235 344 306 427
blight 0.0278 115 280 215 379
blight 0.0276 225 3 261 92
blight 0.0267 212 230 311 327
blight 0.0259 190 102 234 194
blight 0.0258 156 56 190 138
blight 0.0258 320 416 366 468
blight 0.0252 164 178 211 270
blight 0.0247 98 248 280 440
blight 0.0246 196 420 268 593
blight 0.0241 250 289 300 369
blight 0.0237 191 285 367 469
blight 0.0234 235 328 264 408
blight 0.0224 488 332 588 376
blight 0.0224 458 39 511 130
Anthrax 0.0559 512 459 605 562
Anthrax 0.0479 568 511 593 588
Anthrax 0.0398 19 1 97 43
Anthrax 0.0367 1 128 51 238
Anthrax 0.0330 2 489 58 592
Anthrax 0.0274 421 362 478 426
Anthrax 0.0274 -2 128 25 243
Anthrax 0.0215 539 518 591 583
Anthrax 0.0204 301 357 374 391
Anthrax 0.0200 278 211 317 259
Anthrax 0.0197 370 390 436 453
Anthrax 0.0192 214 315 251 397
Anthrax 0.0190 296 225 331 274
Anthrax 0.0187 263 204 301 258
Anthrax 0.0178 110 317 174 367
Anthrax 0.0176 273 361 329 397
Anthrax 0.0175 -2 272 18 356
Anthrax 0.0171 481 166 586 253
Anthrax 0.0166 10 377 109 460
Anthrax 0.0164 31 405 95 468
Anthrax 0.0160 264 225 299 276
Anthrax 0.0160 304 342 346 387
Anthrax 0.0159 5 10 101 85
Anthrax 0.0149 247 225 282 284
Anthrax 0.0149 -3 314 19 399
Anthrax 0.0147 570 581 624 627
Anthrax 0.0147 35 13 82 66
Anthrax 0.0146 567 519 614 695
Anthrax 0.0143 244 203 284 262
Anthrax 0.0143 49 446 96 500
Anthrax 0.0142 222 191 317 278
Anthrax 0.0140 0 437 20 532
Anthrax 0.0137 6 437 43 528
Anthrax 0.0136 24 454 74 493
Anthrax 0.0135 8 313 48 384
Anthrax 0.0135 29 426 86 485
Anthrax 0.0133 508 183 570 244
Anthrax 0.0131 289 271 365 302
Anthrax 0.0130 230 284 273 391
Anthrax 0.0129 60 457 91 521
Anthrax 0.0129 281 333 371 404
Anthrax 0.0129 118 2 181 21
Anthrax 0.0128 574 525 624 582
Anthrax 0.0127 309 224 346 275
Anthrax 0.0127 133 490 219 607
Anthrax 0.0124 326 485 367 593
Anthrax 0.0123 395 351 454 404
Anthrax 0.0122 335 274 378 358
Anthrax 0.0122 253 212 345 251
Anthrax 0.0122 109 4 160 47
Anthrax 0.0122 184 403 279 554
Anthrax 0.0122 149 104 457 454
Anthrax 0.0118 22 6 65 56
Anthrax 0.0118 267 261 393 380
Anthrax 0.0118 158 147 237 280
Anthrax 0.0117 323 129 362 202
Anthrax 0.0117 565 298 628 330
Anthrax 0.0116 298 278 374 317
Anthrax 0.0114 60 0 107 30
Anthrax 0.0114 -6 444 25 500
Anthrax 0.0113 363 372 402 446
Anthrax 0.0113 37 -13 78 33
Anthrax 0.0113 557 541 592 592
Anthrax 0.0111 263 364 306 398
Anthrax 0.0110 476 455 524 514
Anthrax 0.0110 -5 445 80 581
Anthrax 0.0109 318 338 365 389
Anthrax 0.0109 134 216 229 316
Anthrax 0.0109 -12 -10 25 32
Anthrax 0.0109 0 -63 258 338
Anthrax 0.0107 84 478 119 524
Anthrax 0.0106 359 417 424 464
Anthrax 0.0105 518 235 602 297
Anthrax 0.0105 306 210 348 255
Anthrax 0.0104 467 508 572 589
Anthrax 0.0104 554 484 590 534
Anthrax 0.0104 76 466 106 519
Anthrax 0.0104 -4 565 23 638
