iouv 0.0955 296 304 389 469
iouv 0.0539 3 439 102 559
iouv 0.0178 392 294 441 397
iouv 0.0170 249 367 297 415
iouv 0.0164 169 -4 262 109
iouv 0.0156 0 421 72 503
iouv 0.0132 76 214 149 256
iouv 0.0132 3 226 131 460
iouv 0.0118 234 212 271 318
iouv 0.0106 3 230 42 322
iouv 0.0104 5 488 121 588
iouv 0.0103 3 218 75 358
blight 0.8955 297 310 384 481
blight 0.8466 289 174 362 247
blight 0.8028 100 154 173 269
blight 0.4466 234 363 278 411
blight 0.3838 200 284 232 336
blight 0.3222 247 129 290 176
blight 0.2058 233 332 269 390
blight 0.1806 320 293 410 453
blight 0.1108 359 240 440 400
blight 0.1089 256 150 294 187
blight 0.1083 208 270 247 347
blight 0.1034 207 239 267 356
blight 0.1019 84 5 121 96
blight 0.0972 535 546 595 602
blight 0.0927 167 17 255 128
blight 0.0906 216 348 288 421
blight 0.0860 101 200 156 259
blight 0.0816 277 172 332 227
blight 0.0777 249 367 297 415
blight 0.0728 297 175 353 216
blight 0.0706 172 264 239 339
blight 0.0689 319 155 364 232
blight 0.0685 121 152 162 231
blight 0.0638 288 285 347 451
blight 0.0630 130 148 193 272
blight 0.0603 213 285 280 412
blight 0.0587 46 0 94 55
Anthrax 0.9773 358 229 444 401
Anthrax 0.8854 3 229 121 465
Anthrax 0.1043 240 204 277 334
Anthrax 0.0963 376 279 433 386
Anthrax 0.0941 302 308 381 475
Anthrax 0.0759 323 284 413 457
Anthrax 0.0669 230 221 266 394
Anthrax 0.0563 308 295 345 374
Anthrax 0.0512 546 225 595 443
Anthrax 0.0507 350 427 394 554
Anthrax 0.0360 5 449 108 604
Anthrax 0.0351 6 233 55 450
Anthrax 0.0343 563 261 604 468
Anthrax 0.0340 397 287 438 360
Anthrax 0.0327 265 248 297 338
Anthrax 0.0320 314 308 370 376
Anthrax 0.0317 509 475 577 602
Anthrax 0.0316 401 315 442 393
Anthrax 0.0307 288 208 417 488
Anthrax 0.0277 330 49 404 191
Anthrax 0.0265 363 262 423 351
Anthrax 0.0251 248 190 281 288
Anthrax 0.0249 529 399 596 587
Anthrax 0.0243 0 423 52 607
Anthrax 0.0242 299 286 332 358
Anthrax 0.0240 354 410 397 484
Anthrax 0.0228 33 321 131 457
