iouv 0.0568 268 217 331 280
iouv 0.0542 223 390 302 471
iouv 0.0309 73 320 174 398
iouv 0.0277 55 227 164 311
iouv 0.0161 6 492 45 590
iouv 0.0151 -11 467 43 571
iouv 0.0143 245 265 342 295
iouv 0.0141 245 248 330 282
iouv 0.0135 1 488 26 590
iouv 0.0128 29 384 164 612
iouv 0.0126 364 535 470 591
iouv 0.0105 29 381 107 473
iouv 0.0103 294 221 353 281
iouv 0.0102 244 277 351 313
iouv 0.0100 298 327 383 414
blight 0.9554 189 262 370 387
blight 0.7197 314 409 392 567
blight 0.1139 280 404 347 555
blight 0.1088 340 444 407 556
blight 0.1073 288 409 380 495
blight 0.0972 363 401 416 498
blight 0.0903 160 222 244 314
blight 0.0806 340 401 397 514
blight 0.0767 151 202 189 264
blight 0.0709 131 181 191 231
blight 0.0708 293 270 381 329
blight 0.0576 178 268 257 320
blight 0.0558 281 374 416 590
blight 0.0525 297 281 361 317
blight 0.0516 214 270 304 306
blight 0.0514 361 396 394 476
blight 0.0510 221 280 358 349
blight 0.0502 11 368 83 412
blight 0.0491 373 446 418 497
blight 0.0490 284 290 354 333
blight 0.0489 286 318 378 416
blight 0.0486 194 250 354 327
blight 0.0471 247 401 308 546
blight 0.0467 368 463 416 514
blight 0.0461 359 433 425 534
blight 0.0458 192 305 380 504
blight 0.0427 23 353 100 402
blight 0.0424 404 428 594 598
blight 0.0409 -1 407 54 514
blight 0.0406 376 431 418 475
Anthrax 0.1321 225 379 305 464
Anthrax 0.1065 442 432 533 485
Anthrax 0.0550 260 319 374 418
Anthrax 0.0446 265 220 328 274
Anthrax 0.0429 420 398 556 473
Anthrax 0.0355 29 384 164 612
Anthrax 0.0303 388 448 607 599
Anthrax 0.0287 294 421 370 509
Anthrax 0.0278 360 529 472 591
Anthrax 0.0275 400 436 444 508
Anthrax 0.0226 399 35 451 71
Anthrax 0.0219 404 15 461 60
Anthrax 0.0214 224 359 267 443
Anthrax 0.0205 3 391 50 471
Anthrax 0.0191 421 2 488 43
Anthrax 0.0186 160 330 250 424
Anthrax 0.0184 151 224 228 306
Anthrax 0.0174 18 398 65 448
Anthrax 0.0172 30 500 173 776
Anthrax 0.0161 -4 402 26 455
Anthrax 0.0157 389 466 444 532
Anthrax 0.0154 574 582 628 629
Anthrax 0.0152 4 313 47 384
Anthrax 0.0150 22 367 101 446
Anthrax 0.0149 -6 -79 256 333
Anthrax 0.0147 411 526 529 601
Anthrax 0.0146 275 242 340 287
Anthrax 0.0146 152 93 465 462
Anthrax 0.0143 309 343 377 414
Anthrax 0.0142 135 472 166 547
Anthrax 0.0136 150 364 222 413
Anthrax 0.0133 18 375 74 429
Anthrax 0.0132 385 278 469 377
Anthrax 0.0128 556 -2 640 24
Anthrax 0.0127 466 451 545 492
Anthrax 0.0126 219 130 277 176
Anthrax 0.0126 -10 -8 27 32
Anthrax 0.0125 195 121 296 209
Anthrax 0.0122 383 525 431 581
Anthrax 0.0121 -2 518 38 711
Anthrax 0.0121 559 574 649 660
Anthrax 0.0120 0 369 54 440
Anthrax 0.0120 325 307 383 386
Anthrax 0.0118 265 132 321 170
Anthrax 0.0117 400 540 464 567
Anthrax 0.0116 284 118 330 152
Anthrax 0.0116 0 417 49 516
Anthrax 0.0116 -6 381 26 435
Anthrax 0.0116 -9 -88 42 75
Anthrax 0.0113 394 436 480 535
Anthrax 0.0112 -39 458 196 715
Anthrax 0.0111 315 417 396 561
Anthrax 0.0110 6 492 45 590
