iouv 0.2153 512 41 592 73
iouv 0.0651 502 52 572 84
iouv 0.0519 60 299 131 331
iouv 0.0440 441 390 562 426
iouv 0.0391 568 36 599 94
iouv 0.0362 39 347 106 376
iouv 0.0345 36 578 141 609
iouv 0.0316 307 31 428 108
iouv 0.0304 491 21 602 73
iouv 0.0297 508 94 593 135
iouv 0.0293 94 -7 206 57
iouv 0.0285 529 52 598 100
iouv 0.0278 508 66 580 111
iouv 0.0276 42 362 107 392
iouv 0.0272 81 32 183 99
iouv 0.0239 129 3 225 72
iouv 0.0221 547 38 592 84
iouv 0.0219 436 377 551 405
iouv 0.0217 48 325 125 355
iouv 0.0215 29 299 85 328
iouv 0.0212 79 297 163 323
iouv 0.0212 521 113 593 142
iouv 0.0208 19 278 83 308
iouv 0.0200 45 309 104 341
iouv 0.0185 549 61 593 86
iouv 0.0157 568 60 629 87
iouv 0.0157 97 457 163 487
iouv 0.0154 569 46 629 72
iouv 0.0148 -18 586 37 611
iouv 0.0147 481 44 588 108
iouv 0.0145 -2 197 81 288
iouv 0.0139 492 37 583 62
iouv 0.0134 97 446 166 469
iouv 0.0132 14 576 155 649
iouv 0.0131 0 390 84 425
iouv 0.0129 227 177 280 202
iouv 0.0127 -5 522 35 550
iouv 0.0124 -80 503 257 699
iouv 0.0121 211 187 267 216
iouv 0.0121 -9 534 34 565
iouv 0.0120 19 375 93 406
iouv 0.0120 5 527 68 557
iouv 0.0118 19 584 97 607
iouv 0.0116 536 31 593 60
iouv 0.0116 357 39 440 123
iouv 0.0112 154 376 218 406
iouv 0.0111 265 570 358 598
iouv 0.0108 40 0 142 25
iouv 0.0104 -4 525 59 584
iouv 0.0103 14 265 76 297
iouv 0.0103 -17 311 35 343
iouv 0.0102 191 9 311 72
blight 0.3289 423 179 457 324
blight 0.3046 211 194 241 362
blight 0.1904 201 196 234 305
blight 0.1704 417 112 457 285
blight 0.1541 219 262 247 381
blight 0.1445 436 150 478 333
blight 0.1261 277 315 352 393
blight 0.1246 178 106 234 226
blight 0.1232 411 225 453 342
blight 0.1160 389 122 428 297
blight 0.1155 433 201 465 304
blight 0.1116 227 278 254 368
blight 0.1055 416 300 453 389
blight 0.1047 219 203 252 289
blight 0.1020 272 335 326 390
blight 0.0996 431 294 463 360
blight 0.0939 435 99 462 202
blight 0.0938 430 310 472 382
blight 0.0898 221 235 255 333
blight 0.0880 39 561 170 598
blight 0.0880 219 255 260 441
blight 0.0865 203 186 286 265
blight 0.0855 429 103 480 269
blight 0.0822 413 324 439 414
blight 0.0815 155 384 184 439
blight 0.0793 448 483 524 523
blight 0.0792 358 297 394 361
blight 0.0789 408 276 455 453
blight 0.0785 442 75 467 176
blight 0.0783 209 280 239 359
blight 0.0775 219 414 272 462
blight 0.0740 382 429 436 484
blight 0.0732 83 454 133 512
blight 0.0727 87 455 151 487
blight 0.0720 429 82 460 164
blight 0.0713 206 141 257 277
blight 0.0710 29 580 155 649
blight 0.0687 64 437 153 509
blight 0.0657 226 384 264 457
blight 0.0653 11 560 106 593
blight 0.0629 97 463 141 535
blight 0.0619 473 126 516 300
blight 0.0606 440 232 486 419
blight 0.0602 192 256 234 441
blight 0.0581 385 308 432 473
blight 0.0581 369 291 410 355
blight 0.0569 404 353 434 454
blight 0.0561 422 258 493 295
blight 0.0552 -1 564 173 620
blight 0.0551 70 450 109 507
blight 0.0548 389 331 431 381
blight 0.0538 433 260 463 334
blight 0.0534 55 578 149 608
blight 0.0533 246 269 289 445
blight 0.0525 2 502 43 574
blight 0.0523 0 538 85 604
blight 0.0501 478 55 590 147
blight 0.0498 464 489 505 537
Anthrax 0.0505 494 42 583 73
Anthrax 0.0314 -12 562 193 606
Anthrax 0.0298 320 14 397 60
Anthrax 0.0281 257 21 351 68
Anthrax 0.0262 7 7 212 54
Anthrax 0.0246 94 63 155 107
Anthrax 0.0245 294 20 417 95
Anthrax 0.0225 229 20 320 57
Anthrax 0.0200 107 -1 215 46
Anthrax 0.0191 -129 498 290 677
Anthrax 0.0190 295 369 358 406
Anthrax 0.0189 181 111 247 198
Anthrax 0.0183 211 567 302 599
Anthrax 0.0181 29 1 126 24
Anthrax 0.0170 24 173 101 201
Anthrax 0.0167 -6 29 66 75
Anthrax 0.0165 2 52 59 84
Anthrax 0.0161 246 555 299 587
Anthrax 0.0161 541 46 591 73
Anthrax 0.0158 -1 466 20 560
Anthrax 0.0155 -13 -74 252 343
Anthrax 0.0155 570 523 618 712
Anthrax 0.0154 264 15 345 45
Anthrax 0.0150 481 44 588 108
Anthrax 0.0149 243 31 369 91
Anthrax 0.0149 -99 568 98 614
Anthrax 0.0148 -25 423 158 820
Anthrax 0.0147 372 39 436 103
Anthrax 0.0146 112 -1 179 33
Anthrax 0.0144 -1 575 23 630
Anthrax 0.0143 265 570 358 598
Anthrax 0.0141 154 94 458 477
Anthrax 0.0132 -12 -1 39 21
Anthrax 0.0131 211 578 317 654
Anthrax 0.0131 8 186 104 214
Anthrax 0.0128 52 365 96 409
Anthrax 0.0127 285 347 372 410
Anthrax 0.0125 428 571 529 601
Anthrax 0.0118 202 586 289 610
Anthrax 0.0117 -2 -21 22 46
Anthrax 0.0116 268 556 325 587
Anthrax 0.0116 568 36 599 94
Anthrax 0.0115 313 2 401 25
Anthrax 0.0113 425 583 527 651
Anthrax 0.0112 122 461 211 548
Anthrax 0.0112 212 32 307 101
Anthrax 0.0112 -8 537 36 720
Anthrax 0.0110 567 -65 621 87
Anthrax 0.0110 410 583 439 620
Anthrax 0.0107 329 172 400 199
Anthrax 0.0106 -4 49 34 94
Anthrax 0.0106 236 180 282 248
Anthrax 0.0106 298 593 328 623
Anthrax 0.0104 401 -11 795 146
Anthrax 0.0104 506 53 559 101
Anthrax 0.0104 10 74 66 100
Anthrax 0.0103 0 80 241 490
Anthrax 0.0103 1 5 30 80
Anthrax 0.0101 376 0 466 18
Anthrax 0.0101 541 512 603 567
Anthrax 0.0101 125 472 166 532
Anthrax 0.0101 327 593 387 611
