iouv 0.0775 343 305 444 406
iouv 0.0332 372 375 427 407
iouv 0.0326 9 284 54 440
iouv 0.0280 360 307 511 377
iouv 0.0280 326 344 383 398
iouv 0.0191 359 345 431 400
iouv 0.0164 318 353 404 439
iouv 0.0160 322 320 408 402
iouv 0.0157 329 395 406 451
iouv 0.0125 0 424 25 494
iouv 0.0124 340 370 386 429
iouv 0.0124 343 386 419 431
iouv 0.0116 171 590 235 612
iouv 0.0104 1 317 25 408
blight 0.9345 198 241 359 351
blight 0.0953 488 121 534 181
blight 0.0931 60 201 88 285
blight 0.0893 206 252 290 341
blight 0.0853 4 146 74 211
blight 0.0849 435 198 563 234
blight 0.0770 197 462 230 538
blight 0.0755 255 249 347 329
blight 0.0659 82 317 157 361
blight 0.0658 208 439 244 521
blight 0.0621 290 268 332 327
blight 0.0606 508 236 567 286
blight 0.0590 479 208 550 244
blight 0.0546 68 271 99 323
blight 0.0513 60 273 86 317
blight 0.0509 73 371 128 410
blight 0.0500 185 483 215 551
blight 0.0491 135 277 178 326
blight 0.0476 68 209 99 292
blight 0.0454 70 260 98 300
blight 0.0444 4 37 49 98
blight 0.0435 -2 362 18 446
blight 0.0428 4 14 43 79
blight 0.0404 533 208 568 287
blight 0.0404 0 30 30 87
blight 0.0401 37 423 74 490
blight 0.0394 421 538 463 588
blight 0.0375 351 562 426 597
blight 0.0370 53 427 91 488
blight 0.0369 156 49 212 96
blight 0.0357 101 361 139 421
blight 0.0353 407 567 474 596
blight 0.0347 347 538 405 596
blight 0.0340 80 268 162 344
blight 0.0339 228 261 264 337
blight 0.0338 156 64 222 139
blight 0.0336 408 535 444 587
blight 0.0334 406 424 483 512
blight 0.0332 226 450 266 514
blight 0.0331 203 465 265 540
blight 0.0328 167 205 204 296
blight 0.0326 19 28 54 86
blight 0.0322 451 142 547 215
blight 0.0317 62 261 86 299
blight 0.0316 179 53 210 133
blight 0.0309 88 374 121 426
blight 0.0304 168 97 243 138
blight 0.0301 231 473 268 536
blight 0.0300 273 275 353 351
blight 0.0296 90 273 122 321
blight 0.0296 68 266 119 294
blight 0.0291 211 267 250 346
blight 0.0291 40 56 72 104
blight 0.0288 482 235 530 284
Anthrax 0.1047 8 281 51 445
Anthrax 0.0715 19 146 79 203
Anthrax 0.0459 62 431 128 487
Anthrax 0.0404 0 430 43 490
Anthrax 0.0366 266 325 329 381
Anthrax 0.0354 50 146 83 216
Anthrax 0.0328 273 339 324 428
Anthrax 0.0304 238 322 314 425
Anthrax 0.0302 439 184 515 235
Anthrax 0.0291 254 366 297 449
Anthrax 0.0267 430 318 513 374
Anthrax 0.0266 2 170 77 219
Anthrax 0.0256 322 326 377 398
Anthrax 0.0239 369 391 411 460
Anthrax 0.0237 488 121 534 181
Anthrax 0.0231 243 346 285 434
Anthrax 0.0222 24 141 73 175
Anthrax 0.0203 0 517 21 600
Anthrax 0.0201 89 263 155 305
Anthrax 0.0193 484 -6 607 87
Anthrax 0.0181 360 244 424 279
Anthrax 0.0179 201 276 240 357
Anthrax 0.0178 -4 532 34 726
Anthrax 0.0177 2 432 25 511
Anthrax 0.0175 282 327 356 362
Anthrax 0.0174 228 284 262 346
Anthrax 0.0173 3 275 97 387
Anthrax 0.0166 4 522 39 586
Anthrax 0.0165 39 172 87 222
Anthrax 0.0164 314 315 365 373
Anthrax 0.0162 -2 402 22 477
Anthrax 0.0160 -1 179 43 211
Anthrax 0.0158 234 338 275 409
Anthrax 0.0157 358 227 394 280
Anthrax 0.0149 338 414 413 461
Anthrax 0.0147 -5 309 46 409
Anthrax 0.0147 249 119 301 170
Anthrax 0.0147 -6 257 29 306
Anthrax 0.0146 411 502 465 539
Anthrax 0.0146 520 438 573 497
Anthrax 0.0143 326 537 372 598
Anthrax 0.0143 107 307 155 364
Anthrax 0.0140 372 240 410 298
Anthrax 0.0139 411 583 440 622
Anthrax 0.0136 429 447 477 508
Anthrax 0.0134 40 136 84 190
Anthrax 0.0128 395 582 422 622
Anthrax 0.0127 -17 284 25 312
Anthrax 0.0126 224 311 273 371
Anthrax 0.0125 320 294 358 359
Anthrax 0.0124 -17 267 27 293
Anthrax 0.0123 -4 240 32 288
Anthrax 0.0123 205 422 246 505
Anthrax 0.0123 3 143 50 198
Anthrax 0.0122 3 160 24 225
Anthrax 0.0122 281 299 320 362
Anthrax 0.0120 418 589 465 624
