iouv 0.4234 122 398 215 558
iouv 0.0723 529 71 589 222
iouv 0.0629 129 229 215 306
iouv 0.0559 466 293 544 455
iouv 0.0356 376 408 459 515
iouv 0.0293 33 186 135 254
iouv 0.0259 148 384 236 486
iouv 0.0253 144 276 227 335
iouv 0.0240 103 294 153 327
iouv 0.0218 -4 266 112 333
iouv 0.0211 5 168 82 231
iouv 0.0192 331 295 404 327
iouv 0.0189 147 496 194 569
iouv 0.0184 459 284 530 376
iouv 0.0179 32 175 134 206
iouv 0.0179 356 216 427 259
iouv 0.0178 191 330 257 383
iouv 0.0171 415 313 471 351
iouv 0.0169 355 532 448 596
iouv 0.0168 388 325 462 360
iouv 0.0168 438 307 486 347
iouv 0.0146 181 378 249 466
iouv 0.0144 163 255 237 307
iouv 0.0142 335 330 408 366
iouv 0.0140 186 314 244 350
iouv 0.0135 178 235 245 269
iouv 0.0133 157 589 223 607
iouv 0.0131 552 57 603 203
iouv 0.0130 70 56 151 119
iouv 0.0129 341 316 402 344
iouv 0.0128 318 278 394 318
iouv 0.0122 259 432 303 518
iouv 0.0122 146 449 229 569
iouv 0.0115 313 441 386 537
iouv 0.0114 291 245 365 286
iouv 0.0110 -5 395 37 584
iouv 0.0107 428 266 489 295
iouv 0.0104 174 320 228 370
iouv 0.0100 162 301 238 358
blight 0.7938 65 64 150 114
blight 0.5817 152 111 190 175
blight 0.3756 261 364 307 413
blight 0.2370 7 160 63 220
blight 0.1782 141 140 193 191
blight 0.1472 135 100 176 175
blight 0.1347 83 202 120 252
blight 0.1045 7 484 44 570
blight 0.1041 251 340 279 381
blight 0.1008 118 92 191 190
blight 0.0995 265 344 293 387
blight 0.0976 250 328 276 366
blight 0.0926 200 316 250 352
blight 0.0886 23 499 59 562
blight 0.0878 65 231 102 266
blight 0.0856 163 109 215 167
blight 0.0854 -2 148 20 230
blight 0.0853 435 298 485 331
blight 0.0830 110 55 149 122
blight 0.0797 253 352 285 395
blight 0.0796 63 215 104 254
blight 0.0795 8 185 66 234
blight 0.0767 253 382 299 421
blight 0.0763 297 263 325 327
blight 0.0756 179 115 208 154
blight 0.0740 537 158 570 240
blight 0.0712 4 137 59 200
blight 0.0699 249 312 273 350
blight 0.0694 84 224 118 277
blight 0.0681 263 265 289 310
blight 0.0676 119 291 156 335
blight 0.0671 95 208 134 261
blight 0.0670 5 518 50 587
blight 0.0653 227 328 264 368
blight 0.0643 -8 145 40 224
blight 0.0635 455 326 490 412
blight 0.0614 174 320 228 370
blight 0.0607 335 29 373 107
blight 0.0602 230 308 260 346
blight 0.0600 284 265 313 315
blight 0.0594 288 364 326 419
blight 0.0584 39 504 72 561
blight 0.0574 309 193 351 247
blight 0.0572 250 264 276 311
blight 0.0553 70 193 111 236
blight 0.0553 169 231 237 274
blight 0.0547 165 319 198 376
blight 0.0543 45 227 88 269
blight 0.0540 438 306 485 357
blight 0.0538 550 145 583 237
blight 0.0532 134 166 192 203
blight 0.0530 136 73 163 138
blight 0.0514 2 485 27 580
blight 0.0513 299 191 334 250
Anthrax 0.9059 384 408 462 533
Anthrax 0.7902 198 345 259 388
Anthrax 0.5107 280 355 397 419
Anthrax 0.2362 119 391 213 558
Anthrax 0.1445 525 83 590 199
Anthrax 0.0962 368 213 430 279
Anthrax 0.0810 460 331 537 460
Anthrax 0.0725 32 175 134 206
Anthrax 0.0680 6 245 99 318
Anthrax 0.0612 132 167 201 212
Anthrax 0.0537 348 0 404 58
Anthrax 0.0513 195 354 266 420
Anthrax 0.0513 313 202 374 253
Anthrax 0.0503 329 461 390 544
Anthrax 0.0481 191 324 251 373
Anthrax 0.0449 290 217 373 284
Anthrax 0.0411 42 74 94 131
Anthrax 0.0408 129 229 215 306
Anthrax 0.0408 381 422 443 479
Anthrax 0.0353 263 352 342 414
Anthrax 0.0347 116 186 192 240
Anthrax 0.0340 -1 237 65 300
Anthrax 0.0340 341 0 387 39
Anthrax 0.0338 22 163 83 215
Anthrax 0.0324 328 348 401 388
