iouv 0.0118 308 329 387 444
blight 0.0621 214 488 251 587
blight 0.0352 224 514 260 602
blight 0.0328 0 196 42 309
blight 0.0304 245 490 278 561
blight 0.0302 -6 -11 27 29
blight 0.0294 224 507 300 585
blight 0.0293 231 530 290 573
blight 0.0273 0 270 22 373
blight 0.0267 200 503 239 573
blight 0.0259 226 565 298 596
blight 0.0254 -2 221 24 330
blight 0.0224 586 354 613 429
blight 0.0205 237 498 285 537
blight 0.0198 246 457 279 522
blight 0.0191 -16 -6 43 19
blight 0.0179 -17 -28 42 38
blight 0.0174 466 474 518 535
blight 0.0170 561 -2 633 22
blight 0.0163 583 577 616 627
blight 0.0162 484 56 517 124
blight 0.0161 456 500 504 538
blight 0.0159 214 441 247 547
blight 0.0159 208 564 264 593
blight 0.0155 234 452 277 484
blight 0.0155 588 395 612 457
blight 0.0154 4 451 34 560
blight 0.0153 213 541 284 601
blight 0.0151 249 28 274 72
blight 0.0150 231 469 282 502
blight 0.0149 584 512 616 578
blight 0.0149 229 483 262 572
blight 0.0148 586 203 615 270
blight 0.0145 -14 240 38 337
blight 0.0145 68 447 104 523
blight 0.0144 84 441 119 505
blight 0.0144 561 590 630 613
blight 0.0143 232 454 262 529
blight 0.0142 214 587 284 610
blight 0.0141 472 525 501 565
blight 0.0141 0 15 31 67
blight 0.0141 456 527 487 568
blight 0.0140 -6 287 43 391
blight 0.0139 -1 367 20 459
blight 0.0135 439 530 472 575
blight 0.0135 229 485 281 519
blight 0.0135 266 33 291 74
blight 0.0133 54 449 89 521
blight 0.0132 377 535 409 577
blight 0.0131 193 464 259 574
blight 0.0130 422 530 457 578
blight 0.0130 565 528 597 601
blight 0.0129 577 348 599 428
blight 0.0127 216 476 284 570
blight 0.0127 406 531 443 578
blight 0.0125 0 449 19 566
blight 0.0124 233 26 258 73
blight 0.0124 230 436 270 468
blight 0.0124 223 515 276 556
blight 0.0121 425 -19 454 29
blight 0.0120 259 525 295 577
blight 0.0118 565 568 634 595
blight 0.0117 -1 336 23 422
blight 0.0116 507 31 535 78
blight 0.0116 15 462 50 544
blight 0.0115 442 -18 469 30
blight 0.0114 237 543 309 590
blight 0.0114 392 534 428 577
blight 0.0114 358 25 390 69
blight 0.0112 11 -23 40 35
blight 0.0111 16 -8 67 32
blight 0.0111 -3 62 24 122
blight 0.0111 -31 569 45 651
blight 0.0111 170 -15 198 31
blight 0.0110 472 65 504 128
blight 0.0109 375 23 407 67
blight 0.0109 585 -21 614 34
blight 0.0108 0 473 27 540
blight 0.0108 503 48 535 100
blight 0.0108 489 524 516 568
blight 0.0104 574 194 597 273
blight 0.0104 582 381 623 438
blight 0.0103 -2 524 19 611
blight 0.0103 146 -6 221 21
blight 0.0103 486 498 519 556
blight 0.0103 578 347 643 438
Anthrax 0.9998 7 180 288 447
Anthrax 0.9996 301 331 468 516
Anthrax 0.9990 294 110 499 339
Anthrax 0.1399 351 405 466 522
Anthrax 0.0919 401 176 437 258
Anthrax 0.0561 408 422 468 521
Anthrax 0.0486 383 160 466 288
Anthrax 0.0407 240 323 277 413
Anthrax 0.0375 403 413 450 473
Anthrax 0.0357 5 310 126 422
Anthrax 0.0329 223 340 288 442
Anthrax 0.0250 29 244 78 317
Anthrax 0.0232 13 236 55 314
Anthrax 0.0229 0 265 38 379
Anthrax 0.0226 312 316 434 448
Anthrax 0.0222 0 213 39 322
Anthrax 0.0177 384 190 423 268
Anthrax 0.0162 -5 201 38 454
