iouv 0.0354 199 306 442 557
iouv 0.0265 166 141 263 257
iouv 0.0235 -15 282 135 360
iouv 0.0192 191 503 456 734
iouv 0.0140 453 470 748 764
iouv 0.0120 253 469 341 541
iouv 0.0120 269 203 346 323
iouv 0.0119 76 475 306 753
blight 0.9259 161 273 254 358
blight 0.8952 433 248 521 327
blight 0.5200 180 407 245 522
blight 0.5133 239 296 418 526
blight 0.2625 159 198 262 318
blight 0.1895 265 365 343 452
blight 0.1799 335 307 494 529
blight 0.1332 213 443 247 532
blight 0.1225 183 401 232 470
blight 0.1172 297 292 371 389
blight 0.1165 223 484 261 543
blight 0.1031 449 252 510 300
blight 0.0994 200 457 267 552
blight 0.0945 270 335 358 412
blight 0.0924 369 566 589 615
blight 0.0862 143 305 210 356
blight 0.0861 161 309 298 541
blight 0.0849 162 138 267 278
blight 0.0807 181 279 239 328
Anthrax 0.9967 161 123 269 266
Anthrax 0.3328 421 377 464 425
Anthrax 0.1180 412 367 485 444
Anthrax 0.0405 196 169 256 246
Anthrax 0.0396 414 338 521 465
Anthrax 0.0307 200 237 245 300
Anthrax 0.0281 222 206 264 258
Anthrax 0.0260 201 220 253 276
Anthrax 0.0235 195 142 267 192
Anthrax 0.0219 231 174 259 238
Anthrax 0.0208 399 389 461 448
Anthrax 0.0204 322 89 393 188
Anthrax 0.0204 269 392 371 485
Anthrax 0.0202 361 396 479 506
Anthrax 0.0198 346 0 420 19
Anthrax 0.0191 169 105 468 486
Anthrax 0.0189 207 185 267 270
Anthrax 0.0186 290 238 356 359
Anthrax 0.0179 224 133 265 212
Anthrax 0.0173 321 87 388 122
Anthrax 0.0169 260 -7 306 30
Anthrax 0.0167 510 175 591 262
Anthrax 0.0166 169 148 237 242
Anthrax 0.0166 409 364 450 420
Anthrax 0.0162 424 345 481 419
Anthrax 0.0161 220 -5 308 23
Anthrax 0.0158 213 433 420 766
Anthrax 0.0155 571 533 618 719
Anthrax 0.0145 485 347 523 441
Anthrax 0.0141 326 61 360 128
Anthrax 0.0138 208 251 247 282
Anthrax 0.0137 2 498 23 581
Anthrax 0.0136 5 502 48 574
Anthrax 0.0132 242 205 274 259
Anthrax 0.0129 -20 587 37 615
Anthrax 0.0125 210 289 436 561
Anthrax 0.0125 273 426 365 515
Anthrax 0.0124 182 139 223 216
Anthrax 0.0121 584 -31 620 36
Anthrax 0.0121 558 -6 638 25
Anthrax 0.0121 56 582 88 617
