iouv 0.0994 61 33 344 326
iouv 0.0322 212 251 320 342
iouv 0.0294 59 197 336 425
iouv 0.0288 489 71 604 161
iouv 0.0236 451 88 572 173
iouv 0.0185 54 512 321 736
iouv 0.0156 -55 483 202 728
iouv 0.0145 230 257 301 312
iouv 0.0140 -22 585 50 617
iouv 0.0134 444 498 514 542
iouv 0.0112 176 246 278 337
iouv 0.0111 -5 32 116 123
iouv 0.0106 172 579 259 604
iouv 0.0106 301 84 420 138
iouv 0.0102 0 168 22 256
iouv 0.0101 311 121 358 191
blight 0.9669 198 221 361 404
blight 0.9353 359 206 462 279
blight 0.8905 166 306 203 404
blight 0.8154 270 72 438 137
blight 0.8069 8 292 161 419
blight 0.5258 303 123 363 235
blight 0.3614 229 550 286 598
blight 0.2939 12 303 100 397
blight 0.2163 157 297 203 359
blight 0.1767 311 193 383 234
blight 0.1739 72 13 350 320
blight 0.1685 177 403 221 587
blight 0.1546 158 404 203 585
blight 0.1543 161 545 289 601
blight 0.1542 25 306 72 373
blight 0.1443 335 82 430 125
blight 0.1371 219 265 316 371
blight 0.1274 54 247 249 433
Anthrax 0.0564 149 417 183 505
Anthrax 0.0342 179 557 276 595
Anthrax 0.0333 61 33 344 326
Anthrax 0.0328 135 412 171 494
Anthrax 0.0323 389 520 591 597
Anthrax 0.0312 176 414 212 534
Anthrax 0.0300 380 405 428 489
Anthrax 0.0268 -8 -84 262 349
Anthrax 0.0268 455 496 528 544
Anthrax 0.0254 485 58 592 134
Anthrax 0.0249 490 487 578 534
Anthrax 0.0236 303 132 355 217
Anthrax 0.0233 151 449 186 530
Anthrax 0.0221 174 566 273 646
Anthrax 0.0220 285 481 375 553
Anthrax 0.0216 244 505 284 580
Anthrax 0.0214 136 72 456 452
Anthrax 0.0198 15 40 118 79
Anthrax 0.0197 274 92 309 146
Anthrax 0.0196 447 495 590 569
Anthrax 0.0187 214 430 248 499
Anthrax 0.0183 492 -5 598 29
Anthrax 0.0180 -130 497 281 683
Anthrax 0.0172 237 -4 325 22
Anthrax 0.0171 209 397 304 494
Anthrax 0.0164 560 539 622 669
Anthrax 0.0163 226 453 271 517
Anthrax 0.0163 87 213 178 333
Anthrax 0.0163 464 49 506 131
Anthrax 0.0159 -22 585 50 617
Anthrax 0.0158 209 577 252 621
Anthrax 0.0147 502 62 572 112
Anthrax 0.0147 240 229 345 332
Anthrax 0.0145 132 447 169 524
Anthrax 0.0144 166 439 232 548
Anthrax 0.0143 57 581 88 617
Anthrax 0.0142 183 576 268 604
Anthrax 0.0141 -26 421 157 820
Anthrax 0.0141 65 185 104 272
Anthrax 0.0139 236 558 283 607
Anthrax 0.0138 103 8 202 143
Anthrax 0.0137 216 279 300 400
Anthrax 0.0136 1 127 49 229
Anthrax 0.0135 40 582 75 620
Anthrax 0.0134 184 453 269 563
Anthrax 0.0134 76 227 126 319
Anthrax 0.0133 131 481 176 553
Anthrax 0.0130 488 559 688 615
Anthrax 0.0129 225 501 268 572
Anthrax 0.0129 27 223 373 422
Anthrax 0.0127 142 463 207 562
Anthrax 0.0122 227 571 269 619
Anthrax 0.0121 73 -3 166 24
Anthrax 0.0121 262 502 301 574
Anthrax 0.0120 0 425 23 525
Anthrax 0.0118 3 427 43 516
Anthrax 0.0118 231 -2 273 32
Anthrax 0.0116 -4 580 23 643
Anthrax 0.0115 414 515 482 555
Anthrax 0.0114 361 78 429 131
Anthrax 0.0112 429 500 500 544
Anthrax 0.0112 -22 518 86 814
Anthrax 0.0112 472 581 501 613
Anthrax 0.0111 219 201 293 231
Anthrax 0.0110 274 39 354 74
