iouv 0.0562 501 576 608 615
iouv 0.0496 506 578 613 654
iouv 0.0262 415 491 495 598
iouv 0.0208 279 535 405 581
iouv 0.0161 6 498 52 597
iouv 0.0153 544 582 637 617
iouv 0.0151 56 502 328 725
iouv 0.0149 501 542 610 607
iouv 0.0148 453 462 745 761
iouv 0.0124 -76 503 252 697
iouv 0.0110 362 581 445 607
iouv 0.0101 282 584 378 612
iouv 0.0101 268 515 372 591
iouv 0.0100 338 533 422 592
blight 0.8396 301 232 377 367
blight 0.8383 153 139 213 260
blight 0.7698 229 510 295 571
blight 0.5283 86 528 212 603
blight 0.4442 226 296 284 496
blight 0.3146 129 526 246 592
blight 0.3084 286 268 347 350
blight 0.2131 178 510 279 577
blight 0.1466 240 264 276 443
blight 0.1390 232 320 299 432
blight 0.1296 231 361 288 579
blight 0.1278 243 351 276 494
blight 0.1132 -17 564 194 607
blight 0.1129 248 254 297 418
blight 0.1108 335 341 425 447
Anthrax 0.0334 3 510 115 574
Anthrax 0.0322 564 287 595 413
Anthrax 0.0237 300 243 377 375
Anthrax 0.0200 329 292 380 367
Anthrax 0.0190 565 288 606 495
Anthrax 0.0183 -126 498 284 676
Anthrax 0.0172 162 97 462 484
Anthrax 0.0172 417 486 473 590
Anthrax 0.0169 481 435 677 799
Anthrax 0.0167 506 578 613 654
Anthrax 0.0164 75 52 161 90
Anthrax 0.0159 581 577 617 635
Anthrax 0.0152 481 285 570 404
Anthrax 0.0148 434 502 751 701
Anthrax 0.0140 185 82 292 176
Anthrax 0.0137 497 569 684 621
Anthrax 0.0131 -12 586 36 613
Anthrax 0.0128 561 -5 640 23
Anthrax 0.0128 544 229 589 308
Anthrax 0.0124 461 286 604 567
Anthrax 0.0122 243 85 286 179
Anthrax 0.0122 -9 -71 253 340
Anthrax 0.0122 107 67 189 104
Anthrax 0.0122 403 343 445 428
Anthrax 0.0121 568 370 617 561
Anthrax 0.0119 91 452 159 489
Anthrax 0.0118 547 255 598 449
Anthrax 0.0118 342 221 444 334
Anthrax 0.0117 269 458 388 547
Anthrax 0.0116 -26 425 157 817
Anthrax 0.0115 571 539 622 706
Anthrax 0.0111 -20 525 87 812
Anthrax 0.0111 578 314 616 403
Anthrax 0.0111 499 300 546 393
Anthrax 0.0111 233 326 301 429
Anthrax 0.0110 -3 -25 22 47
Anthrax 0.0110 577 246 618 326
Anthrax 0.0109 496 460 591 559
Anthrax 0.0109 562 -54 630 65
Anthrax 0.0107 -7 536 39 712
Anthrax 0.0106 569 208 610 397
Anthrax 0.0104 510 575 612 615
Anthrax 0.0103 -2 410 46 485
Anthrax 0.0103 347 229 393 270
Anthrax 0.0101 327 228 383 281
Anthrax 0.0101 51 54 126 91
Anthrax 0.0100 188 76 256 111
