iouv 0.0186 465 477 721 742
iouv 0.0146 373 291 472 384
iouv 0.0122 473 -82 691 239
iouv 0.0117 3 324 46 411
iouv 0.0114 561 424 598 506
iouv 0.0104 313 292 411 389
iouv 0.0104 148 46 259 122
iouv 0.0103 201 108 288 222
blight 0.9870 460 388 598 518
blight 0.9044 218 243 311 335
blight 0.8744 393 277 467 341
blight 0.7382 7 159 225 273
blight 0.7094 63 72 163 183
blight 0.1602 46 120 181 230
blight 0.1431 463 389 550 482
blight 0.1251 338 502 432 591
blight 0.1246 257 262 322 328
blight 0.1102 93 50 170 145
Anthrax 0.0816 495 509 585 604
Anthrax 0.0401 66 74 147 174
Anthrax 0.0317 -3 183 121 250
Anthrax 0.0267 91 182 180 218
Anthrax 0.0239 28 453 128 543
Anthrax 0.0210 53 185 145 218
Anthrax 0.0191 105 131 159 187
Anthrax 0.0188 56 82 110 162
Anthrax 0.0186 91 158 179 199
Anthrax 0.0170 508 487 563 559
Anthrax 0.0170 469 480 511 553
Anthrax 0.0169 37 198 152 242
Anthrax 0.0169 477 452 678 794
Anthrax 0.0165 -4 530 37 719
Anthrax 0.0159 42 581 74 618
Anthrax 0.0155 -7 -90 43 81
Anthrax 0.0154 453 485 493 555
Anthrax 0.0151 385 96 426 158
Anthrax 0.0150 58 581 88 617
Anthrax 0.0150 -1 167 82 215
Anthrax 0.0148 -3 22 23 127
Anthrax 0.0148 1 148 47 217
Anthrax 0.0147 -59 103 289 281
Anthrax 0.0142 395 -16 799 145
Anthrax 0.0141 573 578 627 630
Anthrax 0.0140 432 503 754 706
Anthrax 0.0135 241 -4 293 35
Anthrax 0.0134 31 590 100 613
Anthrax 0.0130 484 369 559 436
Anthrax 0.0130 451 375 544 458
Anthrax 0.0129 3 324 46 411
Anthrax 0.0129 63 -4 116 30
Anthrax 0.0128 30 173 102 204
Anthrax 0.0127 66 69 114 125
Anthrax 0.0126 432 284 536 400
Anthrax 0.0125 377 401 473 442
Anthrax 0.0125 -4 581 21 639
Anthrax 0.0124 26 582 60 620
Anthrax 0.0123 47 473 97 535
Anthrax 0.0122 -1 259 21 335
Anthrax 0.0119 84 200 188 240
Anthrax 0.0117 569 -77 623 78
Anthrax 0.0116 373 271 464 354
Anthrax 0.0115 -8 461 16 538
Anthrax 0.0115 477 374 588 469
Anthrax 0.0113 422 139 508 240
Anthrax 0.0111 6 572 100 655
Anthrax 0.0111 463 344 545 418
Anthrax 0.0110 127 129 176 192
Anthrax 0.0110 -131 -19 281 160
Anthrax 0.0110 118 0 159 32
Anthrax 0.0109 107 588 180 614
Anthrax 0.0108 452 304 524 378
Anthrax 0.0108 444 456 500 507
Anthrax 0.0108 377 585 471 615
Anthrax 0.0107 74 583 102 616
Anthrax 0.0107 -2 107 20 199
Anthrax 0.0106 458 462 490 530
Anthrax 0.0105 557 570 650 662
Anthrax 0.0104 531 381 578 449
Anthrax 0.0103 2 48 69 97
Anthrax 0.0103 570 531 619 695
Anthrax 0.0103 -11 -71 256 318
Anthrax 0.0100 541 577 595 625
Anthrax 0.0100 9 581 44 626
