iouv 0.0626 253 169 367 244
iouv 0.0225 277 151 389 222
iouv 0.0178 180 156 309 201
iouv 0.0172 -53 478 200 731
iouv 0.0140 202 141 347 217
iouv 0.0122 278 186 340 240
iouv 0.0115 54 518 324 743
iouv 0.0113 500 290 605 391
iouv 0.0106 471 -86 691 242
iouv 0.0104 198 173 283 204
iouv 0.0104 59 224 331 431
blight 0.9940 389 192 585 352
blight 0.8029 134 325 415 392
blight 0.5746 149 102 432 220
blight 0.5519 74 314 208 439
blight 0.2617 114 353 424 409
blight 0.2385 403 209 530 304
blight 0.2093 81 202 147 252
blight 0.1871 97 334 184 410
blight 0.1612 486 189 550 258
blight 0.1463 409 233 493 336
blight 0.1460 39 208 126 304
blight 0.1136 213 342 331 386
blight 0.1085 121 282 359 419
blight 0.1070 181 248 263 361
blight 0.1053 424 220 496 270
blight 0.1002 446 190 551 289
blight 0.0961 87 310 278 394
blight 0.0922 74 181 178 264
blight 0.0879 167 349 296 394
blight 0.0821 117 380 383 430
Anthrax 0.0510 160 160 224 207
Anthrax 0.0304 157 148 278 213
Anthrax 0.0273 74 279 155 388
Anthrax 0.0223 320 51 393 92
Anthrax 0.0192 116 -14 534 165
Anthrax 0.0178 226 -12 635 245
Anthrax 0.0169 371 137 476 228
Anthrax 0.0168 -126 493 282 687
Anthrax 0.0165 555 -2 640 25
Anthrax 0.0162 -42 -21 376 232
Anthrax 0.0156 148 148 200 198
Anthrax 0.0155 94 314 189 403
Anthrax 0.0151 -22 501 87 806
Anthrax 0.0150 464 -4 550 20
Anthrax 0.0143 -7 -8 30 36
Anthrax 0.0137 377 271 481 361
Anthrax 0.0137 413 87 736 306
Anthrax 0.0136 499 8 584 45
Anthrax 0.0136 383 -13 808 150
Anthrax 0.0135 80 199 143 246
Anthrax 0.0134 279 164 379 199
Anthrax 0.0134 420 178 463 237
Anthrax 0.0132 0 506 96 588
Anthrax 0.0131 -3 -29 23 53
Anthrax 0.0124 403 170 449 228
Anthrax 0.0123 127 97 495 281
Anthrax 0.0122 -23 586 41 615
Anthrax 0.0120 338 49 431 89
Anthrax 0.0120 138 224 473 415
Anthrax 0.0120 492 -111 673 269
Anthrax 0.0114 235 93 298 146
Anthrax 0.0114 428 210 725 416
Anthrax 0.0113 298 54 360 95
Anthrax 0.0112 434 154 477 217
Anthrax 0.0112 571 526 615 719
Anthrax 0.0111 567 -87 619 81
Anthrax 0.0111 463 7 550 40
Anthrax 0.0110 68 290 124 357
Anthrax 0.0108 199 104 235 162
Anthrax 0.0108 125 145 182 196
Anthrax 0.0106 28 258 113 372
Anthrax 0.0106 406 275 475 330
Anthrax 0.0104 -2 19 21 126
Anthrax 0.0102 25 539 163 804
Anthrax 0.0102 229 84 270 153
Anthrax 0.0102 -7 543 37 719
Anthrax 0.0101 184 265 264 372
Anthrax 0.0100 -9 -90 42 79
Anthrax 0.0100 180 260 226 339
