iouv 0.0343 16 -2 101 92
iouv 0.0292 308 535 400 599
iouv 0.0269 1 14 23 109
iouv 0.0260 2 9 52 204
iouv 0.0218 4 14 59 90
iouv 0.0143 271 368 369 466
iouv 0.0143 455 580 520 619
iouv 0.0132 293 397 385 489
iouv 0.0129 442 454 579 538
iouv 0.0120 53 1 98 76
iouv 0.0110 433 577 538 653
iouv 0.0102 59 -11 92 46
blight 0.0380 317 273 358 312
blight 0.0361 -1 127 78 237
blight 0.0355 468 4 528 56
blight 0.0306 -8 214 48 246
blight 0.0291 434 321 527 410
blight 0.0273 320 63 365 139
blight 0.0270 77 -5 155 24
blight 0.0243 -6 179 74 266
blight 0.0237 415 284 497 383
blight 0.0235 29 447 100 502
blight 0.0225 323 257 369 300
blight 0.0211 13 153 59 238
blight 0.0186 4 209 114 299
blight 0.0182 28 -1 115 25
blight 0.0177 -14 295 31 328
blight 0.0175 -11 195 50 235
blight 0.0174 48 462 116 509
blight 0.0171 79 4 161 48
blight 0.0169 307 248 342 330
blight 0.0164 392 548 472 593
blight 0.0163 18 112 62 204
blight 0.0162 569 590 630 613
blight 0.0161 -23 391 38 478
blight 0.0156 0 194 29 268
blight 0.0155 23 2 116 55
blight 0.0155 572 572 628 594
blight 0.0154 -8 396 28 450
blight 0.0154 390 400 472 447
blight 0.0152 -13 440 96 547
blight 0.0152 2 3 77 105
blight 0.0152 570 554 628 581
blight 0.0152 -15 312 30 345
blight 0.0150 -1 24 20 126
blight 0.0150 -8 383 60 431
blight 0.0148 368 560 457 601
blight 0.0148 -13 515 40 557
blight 0.0143 -12 225 41 259
blight 0.0143 21 213 75 252
blight 0.0143 291 237 331 345
blight 0.0142 156 261 217 304
blight 0.0142 266 13 302 95
blight 0.0141 573 535 632 565
blight 0.0140 110 401 202 494
blight 0.0140 295 213 330 303
blight 0.0139 530 542 601 587
blight 0.0139 -1 309 55 348
blight 0.0138 389 306 485 412
blight 0.0136 110 427 154 498
blight 0.0136 36 231 119 275
blight 0.0135 35 174 73 243
blight 0.0134 353 565 587 600
blight 0.0133 314 290 350 325
blight 0.0131 445 275 534 373
blight 0.0131 -1 365 74 416
blight 0.0130 134 30 219 73
blight 0.0130 2 324 56 365
blight 0.0129 69 -21 107 40
blight 0.0128 -6 478 31 539
blight 0.0127 44 -8 95 84
blight 0.0127 -8 122 40 216
blight 0.0126 0 248 20 340
blight 0.0126 537 416 598 488
blight 0.0125 150 247 220 285
blight 0.0125 -38 556 51 651
blight 0.0124 126 405 173 475
blight 0.0124 -15 -3 39 19
blight 0.0124 -13 389 34 424
blight 0.0122 192 0 279 24
blight 0.0122 378 582 474 615
blight 0.0121 -16 478 46 566
blight 0.0120 576 519 629 552
blight 0.0120 142 409 190 470
blight 0.0120 154 8 242 43
blight 0.0119 412 534 490 571
blight 0.0118 -9 328 35 362
blight 0.0118 77 176 154 215
blight 0.0117 -6 16 44 116
blight 0.0117 165 227 239 270
blight 0.0116 260 -1 330 19
blight 0.0113 -20 263 37 342
blight 0.0112 -3 375 19 464
Anthrax 0.9992 184 43 441 402
Anthrax 0.0414 533 100 571 161
Anthrax 0.0375 281 9 358 116
Anthrax 0.0335 0 161 53 247
Anthrax 0.0302 304 60 357 138
Anthrax 0.0295 1 14 23 109
Anthrax 0.0294 -2 139 23 225
Anthrax 0.0289 560 61 596 148
Anthrax 0.0285 4 20 55 112
Anthrax 0.0283 349 4 445 73
Anthrax 0.0269 225 55 276 149
Anthrax 0.0251 -3 85 17 186
Anthrax 0.0250 542 69 586 156
Anthrax 0.0247 500 9 599 99
Anthrax 0.0215 424 208 457 280
Anthrax 0.0215 323 214 356 282
Anthrax 0.0198 -3 39 18 138
Anthrax 0.0186 499 3 571 47
Anthrax 0.0182 345 354 443 453
Anthrax 0.0177 19 -4 107 90
Anthrax 0.0172 410 219 440 294
Anthrax 0.0165 340 515 378 570
Anthrax 0.0165 233 493 265 552
Anthrax 0.0163 185 4 273 43
Anthrax 0.0160 321 513 362 570
Anthrax 0.0159 338 209 376 269
Anthrax 0.0157 317 542 395 595
Anthrax 0.0157 182 317 221 392
Anthrax 0.0155 301 515 349 570
Anthrax 0.0151 181 279 272 400
Anthrax 0.0151 201 199 296 321
Anthrax 0.0150 210 82 257 154
Anthrax 0.0148 450 70 552 152
Anthrax 0.0147 -3 176 32 262
Anthrax 0.0146 -5 210 67 254
Anthrax 0.0143 7 66 45 168
Anthrax 0.0142 358 85 453 202
Anthrax 0.0140 558 66 608 239
Anthrax 0.0140 587 581 618 627
Anthrax 0.0139 575 60 624 119
Anthrax 0.0138 526 6 575 35
Anthrax 0.0138 326 229 432 365
Anthrax 0.0135 519 82 553 147
Anthrax 0.0135 18 311 66 375
Anthrax 0.0134 532 47 593 252
Anthrax 0.0134 548 4 590 35
Anthrax 0.0133 563 -2 635 22
Anthrax 0.0131 11 303 139 385
Anthrax 0.0131 75 0 184 76
Anthrax 0.0130 46 240 99 293
Anthrax 0.0130 193 291 251 365
Anthrax 0.0129 384 448 531 545
Anthrax 0.0128 515 472 580 537
Anthrax 0.0128 302 308 392 414
Anthrax 0.0127 465 6 529 47
Anthrax 0.0127 378 4 434 42
Anthrax 0.0127 1 118 88 210
Anthrax 0.0126 103 275 168 334
Anthrax 0.0124 580 -6 627 35
Anthrax 0.0124 185 329 239 412
Anthrax 0.0123 256 60 353 149
Anthrax 0.0121 530 128 589 167
