iouv 0.0200 67 137 562 567
blight 0.0253 -1 543 81 599
blight 0.0250 260 13 346 52
blight 0.0221 430 545 514 600
blight 0.0208 -30 568 48 650
blight 0.0183 -19 585 45 615
blight 0.0171 -3 526 111 584
blight 0.0169 -14 564 49 598
blight 0.0151 -2 191 30 248
blight 0.0146 256 -18 359 56
blight 0.0143 228 367 269 431
blight 0.0142 254 31 327 63
blight 0.0138 -6 -7 25 27
blight 0.0137 -6 381 30 436
blight 0.0133 -3 -3 22 90
blight 0.0133 446 -10 499 27
blight 0.0132 -9 547 48 588
blight 0.0130 216 356 253 413
blight 0.0126 474 -22 502 24
blight 0.0124 559 586 631 617
blight 0.0123 407 564 487 600
blight 0.0121 72 564 171 598
blight 0.0119 377 529 450 570
blight 0.0118 64 53 140 88
blight 0.0117 461 544 547 597
blight 0.0115 -7 414 28 469
blight 0.0114 245 543 361 594
blight 0.0114 442 -20 472 28
blight 0.0113 -8 464 48 545
blight 0.0112 -4 478 30 533
blight 0.0112 339 528 388 561
blight 0.0110 578 136 630 195
blight 0.0110 581 442 630 500
blight 0.0110 573 540 630 596
blight 0.0110 -19 -26 48 42
blight 0.0109 73 588 164 616
blight 0.0109 -13 131 31 163
blight 0.0108 414 -8 467 28
blight 0.0106 208 562 478 609
blight 0.0106 243 381 283 449
blight 0.0103 384 323 441 386
blight 0.0102 -12 404 39 442
blight 0.0102 63 210 113 283
blight 0.0101 201 354 236 412
blight 0.0101 -2 226 30 276
blight 0.0101 193 385 267 430
blight 0.0100 577 -11 629 34
blight 0.0100 -3 157 28 211
blight 0.0100 -3 138 27 191
Anthrax 0.9922 73 129 558 558
Anthrax 0.1068 143 136 201 173
Anthrax 0.0739 381 318 439 384
Anthrax 0.0638 186 215 233 264
Anthrax 0.0435 265 334 357 403
Anthrax 0.0271 356 459 404 551
Anthrax 0.0237 153 208 245 285
Anthrax 0.0230 12 -2 103 26
Anthrax 0.0226 122 138 205 204
Anthrax 0.0193 -3 267 44 477
Anthrax 0.0169 0 199 20 284
Anthrax 0.0166 356 78 420 129
Anthrax 0.0166 174 210 218 276
Anthrax 0.0156 -6 84 78 184
Anthrax 0.0148 342 465 385 546
Anthrax 0.0145 140 0 220 28
Anthrax 0.0145 -9 580 35 628
Anthrax 0.0134 208 420 280 460
Anthrax 0.0128 296 230 365 270
Anthrax 0.0127 565 204 610 424
Anthrax 0.0125 368 95 437 146
Anthrax 0.0120 0 466 21 549
Anthrax 0.0120 134 126 212 163
Anthrax 0.0118 321 235 356 277
Anthrax 0.0117 340 28 448 112
Anthrax 0.0116 241 156 287 205
Anthrax 0.0115 0 228 19 321
Anthrax 0.0114 304 121 348 195
Anthrax 0.0113 8 218 42 297
Anthrax 0.0113 296 436 395 519
Anthrax 0.0110 559 586 631 617
Anthrax 0.0110 498 264 564 482
Anthrax 0.0110 420 586 491 614
Anthrax 0.0109 11 275 84 475
Anthrax 0.0109 -4 335 20 422
Anthrax 0.0109 486 -2 581 17
Anthrax 0.0105 150 243 240 337
Anthrax 0.0104 566 294 612 505
Anthrax 0.0103 36 279 118 471
Anthrax 0.0103 138 115 173 163
Anthrax 0.0101 -9 183 90 557
Anthrax 0.0101 21 181 166 525
Anthrax 0.0100 344 -3 436 21
