iouv 0.0139 274 493 380 600
iouv 0.0103 286 124 386 224
blight 0.0236 -2 464 25 512
blight 0.0222 135 -20 170 44
blight 0.0211 106 577 172 597
blight 0.0200 -3 289 28 343
blight 0.0194 -1 412 18 497
blight 0.0192 90 491 113 547
blight 0.0189 -3 -30 20 40
blight 0.0188 89 525 113 568
blight 0.0188 150 -19 180 37
blight 0.0187 104 522 129 569
blight 0.0172 75 531 97 572
blight 0.0159 -8 -11 29 31
blight 0.0159 -3 320 25 372
blight 0.0155 0 129 27 177
blight 0.0149 4 456 46 511
blight 0.0149 -2 483 15 556
blight 0.0148 -17 -28 44 44
blight 0.0145 298 -17 326 22
blight 0.0144 -6 585 33 626
blight 0.0144 122 534 149 575
blight 0.0144 562 587 624 614
blight 0.0140 -26 573 45 648
blight 0.0140 582 211 611 291
blight 0.0138 9 511 39 565
blight 0.0135 135 535 161 577
blight 0.0133 115 -10 166 30
blight 0.0132 572 177 594 273
blight 0.0132 282 -16 309 23
blight 0.0127 559 0 631 23
blight 0.0127 585 580 618 638
blight 0.0126 315 -17 342 23
blight 0.0121 249 570 282 612
blight 0.0120 8 491 37 544
blight 0.0120 130 1 182 53
blight 0.0119 580 181 610 261
blight 0.0118 -10 151 22 180
blight 0.0118 101 492 127 551
blight 0.0117 590 303 613 370
blight 0.0117 137 0 196 23
blight 0.0117 104 592 167 610
blight 0.0115 -11 504 23 535
blight 0.0115 -2 517 26 564
blight 0.0115 80 497 100 542
blight 0.0114 25 499 51 540
blight 0.0114 331 -15 358 24
blight 0.0114 58 532 81 574
blight 0.0113 9 -28 40 32
blight 0.0113 -17 293 30 365
blight 0.0113 -2 352 28 408
blight 0.0111 67 576 138 598
blight 0.0110 24 516 52 559
blight 0.0110 0 258 29 312
blight 0.0109 363 -16 390 27
blight 0.0105 266 -15 293 25
blight 0.0104 136 559 161 591
blight 0.0103 575 -10 625 34
blight 0.0103 587 247 613 322
blight 0.0103 347 -15 374 25
blight 0.0103 263 571 292 612
blight 0.0103 73 448 102 499
blight 0.0102 77 481 102 528
blight 0.0101 123 560 149 591
blight 0.0101 -2 17 31 67
blight 0.0100 8 471 36 525
Anthrax 0.9510 102 138 413 597
Anthrax 0.0322 216 321 250 375
Anthrax 0.0315 552 527 591 595
Anthrax 0.0266 2 382 40 453
Anthrax 0.0250 301 336 341 381
Anthrax 0.0236 267 225 309 265
Anthrax 0.0198 225 482 301 584
Anthrax 0.0188 493 0 587 44
Anthrax 0.0178 539 523 574 590
Anthrax 0.0173 0 355 18 442
Anthrax 0.0167 228 309 257 381
Anthrax 0.0157 -22 168 85 563
Anthrax 0.0154 117 -3 180 24
Anthrax 0.0150 162 140 211 206
Anthrax 0.0146 -2 138 16 211
Anthrax 0.0144 559 0 631 23
Anthrax 0.0140 130 1 182 53
Anthrax 0.0139 270 233 298 257
Anthrax 0.0135 151 -1 208 20
Anthrax 0.0134 -10 324 43 539
Anthrax 0.0132 553 573 649 660
Anthrax 0.0130 144 129 219 235
Anthrax 0.0130 -2 577 20 634
Anthrax 0.0128 201 342 237 372
Anthrax 0.0126 392 -4 487 18
Anthrax 0.0126 162 11 194 92
Anthrax 0.0124 525 514 607 607
Anthrax 0.0123 87 132 255 545
Anthrax 0.0120 537 574 571 622
Anthrax 0.0118 294 331 328 364
Anthrax 0.0114 101 200 168 454
Anthrax 0.0111 -2 172 18 248
Anthrax 0.0111 575 584 625 631
Anthrax 0.0110 573 537 618 568
Anthrax 0.0110 577 521 621 550
Anthrax 0.0109 571 506 597 583
Anthrax 0.0108 515 1 599 24
Anthrax 0.0108 102 143 137 229
Anthrax 0.0106 -3 326 17 409
Anthrax 0.0105 138 85 170 161
Anthrax 0.0105 -12 85 157 566
Anthrax 0.0104 214 345 241 368
Anthrax 0.0102 -2 248 19 335
