iouv 0.9933 79 207 339 478
iouv 0.0708 14 2 167 84
iouv 0.0538 175 7 302 114
iouv 0.0263 67 125 328 369
iouv 0.0234 0 4 24 83
iouv 0.0210 66 486 387 600
iouv 0.0203 -4 87 49 260
iouv 0.0195 -2 186 26 296
iouv 0.0190 46 35 183 122
iouv 0.0184 12 96 86 256
iouv 0.0171 -25 10 78 91
iouv 0.0169 170 370 277 476
iouv 0.0165 524 329 591 384
iouv 0.0163 70 403 371 534
iouv 0.0157 -51 137 61 227
iouv 0.0154 -6 19 44 197
iouv 0.0154 0 194 230 458
iouv 0.0151 -36 36 70 118
iouv 0.0143 -40 -11 83 54
iouv 0.0141 261 114 354 149
iouv 0.0140 353 450 497 527
iouv 0.0139 252 135 334 173
iouv 0.0137 230 130 341 228
iouv 0.0136 73 104 172 153
iouv 0.0135 181 0 326 62
iouv 0.0133 489 40 587 66
iouv 0.0130 284 37 636 169
iouv 0.0129 313 80 566 148
iouv 0.0128 -8 -64 42 79
iouv 0.0127 83 126 144 167
iouv 0.0126 199 -33 274 97
iouv 0.0121 177 -52 249 87
iouv 0.0119 97 15 247 95
iouv 0.0119 199 161 347 266
iouv 0.0115 107 -64 175 89
iouv 0.0115 17 480 128 555
iouv 0.0114 87 139 132 193
iouv 0.0113 -47 69 60 147
iouv 0.0113 229 576 358 657
iouv 0.0110 499 382 595 438
iouv 0.0103 243 146 327 197
iouv 0.0102 -3 -26 20 52
iouv 0.0102 214 50 372 118
iouv 0.0102 182 225 269 278
iouv 0.0101 586 -22 616 41
iouv 0.0101 229 82 377 143
blight 0.0557 124 46 173 171
blight 0.0530 362 212 478 287
blight 0.0503 46 -16 327 181
blight 0.0408 95 105 177 149
blight 0.0375 -3 -26 20 52
blight 0.0358 579 -9 626 38
blight 0.0356 147 154 219 205
blight 0.0355 169 -13 455 181
blight 0.0354 130 104 208 198
blight 0.0351 145 124 190 214
blight 0.0348 141 102 174 192
blight 0.0317 399 -20 770 159
blight 0.0309 -5 79 85 119
blight 0.0283 75 221 359 479
blight 0.0273 213 65 247 141
blight 0.0268 568 4 600 47
blight 0.0263 -19 -28 38 54
blight 0.0258 -10 -4 30 19
blight 0.0257 303 -12 584 176
blight 0.0250 57 104 126 144
blight 0.0243 0 -8 38 83
blight 0.0242 -52 -40 198 187
blight 0.0232 281 2 371 47
blight 0.0224 93 46 172 118
blight 0.0218 564 -2 636 24
blight 0.0199 32 89 112 125
blight 0.0195 429 89 731 304
blight 0.0188 553 93 595 144
blight 0.0180 570 82 598 152
blight 0.0171 125 120 197 151
blight 0.0171 153 184 181 265
blight 0.0171 129 131 194 167
blight 0.0167 577 -19 603 39
blight 0.0163 335 278 380 339
blight 0.0157 61 124 357 351
blight 0.0154 582 16 603 68
blight 0.0152 272 0 356 23
blight 0.0151 534 0 593 46
blight 0.0151 531 215 602 277
blight 0.0145 498 242 577 285
blight 0.0144 569 -26 649 49
blight 0.0143 468 257 543 297
blight 0.0140 575 333 629 395
blight 0.0138 0 15 25 95
blight 0.0137 -8 323 50 360
blight 0.0136 575 92 625 151
blight 0.0136 584 18 623 66
blight 0.0136 417 506 749 694
blight 0.0133 -16 83 47 116
blight 0.0129 127 181 181 234
blight 0.0127 143 168 197 219
blight 0.0125 0 250 23 322
blight 0.0125 565 470 598 565
blight 0.0125 140 141 202 188
blight 0.0123 69 72 110 123
blight 0.0122 146 401 228 442
blight 0.0118 -23 92 239 319
blight 0.0118 317 262 370 331
blight 0.0117 312 436 401 506
blight 0.0116 -9 249 47 331
blight 0.0114 585 30 611 83
blight 0.0114 71 86 137 120
blight 0.0113 -21 96 31 131
blight 0.0113 586 247 616 319
blight 0.0112 46 114 110 154
blight 0.0112 459 224 730 437
Anthrax 0.1518 70 219 339 473
Anthrax 0.0539 157 148 217 205
Anthrax 0.0331 0 443 54 501
Anthrax 0.0314 442 401 554 468
Anthrax 0.0298 512 427 602 513
Anthrax 0.0288 0 -8 38 83
Anthrax 0.0245 486 -18 598 41
Anthrax 0.0234 164 47 205 106
Anthrax 0.0233 465 382 565 448
Anthrax 0.0229 28 127 104 168
Anthrax 0.0218 212 535 272 571
Anthrax 0.0212 141 48 215 130
Anthrax 0.0207 117 47 164 104
Anthrax 0.0204 100 47 176 136
Anthrax 0.0197 307 206 344 276
Anthrax 0.0196 539 -3 591 30
Anthrax 0.0194 198 0 269 23
Anthrax 0.0194 572 582 628 630
Anthrax 0.0188 -2 25 26 82
Anthrax 0.0184 245 74 330 114
Anthrax 0.0183 468 44 574 70
Anthrax 0.0180 361 473 601 546
Anthrax 0.0179 153 171 221 218
Anthrax 0.0178 378 247 456 296
Anthrax 0.0175 486 27 575 48
Anthrax 0.0173 34 223 103 272
Anthrax 0.0171 185 233 270 279
Anthrax 0.0171 461 29 546 54
Anthrax 0.0171 357 264 489 392
Anthrax 0.0170 475 -3 590 26
Anthrax 0.0170 230 61 339 133
Anthrax 0.0169 559 575 651 660
Anthrax 0.0165 374 229 424 292
Anthrax 0.0164 213 548 289 594
Anthrax 0.0163 128 118 453 482
Anthrax 0.0163 -1 312 70 362
Anthrax 0.0161 17 0 96 26
Anthrax 0.0160 579 -9 626 38
Anthrax 0.0159 494 281 606 373
Anthrax 0.0158 372 -9 783 145
Anthrax 0.0157 530 450 576 511
Anthrax 0.0157 -5 -8 22 33
Anthrax 0.0151 449 561 562 594
Anthrax 0.0151 478 416 590 491
Anthrax 0.0144 565 427 599 516
Anthrax 0.0141 580 438 613 510
Anthrax 0.0140 24 241 83 281
Anthrax 0.0139 87 54 159 95
Anthrax 0.0139 128 40 167 159
Anthrax 0.0138 360 27 396 80
Anthrax 0.0136 339 370 433 409
Anthrax 0.0135 529 426 583 489
Anthrax 0.0133 552 270 648 357
Anthrax 0.0131 546 298 591 364
Anthrax 0.0129 0 -56 256 355
Anthrax 0.0128 46 114 110 154
Anthrax 0.0128 -1 202 26 301
Anthrax 0.0127 421 25 512 55
Anthrax 0.0126 286 170 336 271
Anthrax 0.0126 51 210 120 256
Anthrax 0.0124 496 147 593 182
Anthrax 0.0123 4 319 45 371
Anthrax 0.0122 31 170 144 267
Anthrax 0.0122 521 304 581 347
Anthrax 0.0119 566 -3 601 31
Anthrax 0.0118 139 48 186 104
Anthrax 0.0117 138 293 190 335
Anthrax 0.0117 177 342 295 451
Anthrax 0.0117 -19 585 44 611
Anthrax 0.0116 56 108 150 154
Anthrax 0.0116 585 277 616 351
Anthrax 0.0115 62 308 114 372
