iouv 0.0793 435 433 535 533
iouv 0.0320 436 425 578 579
iouv 0.0213 194 490 290 586
iouv 0.0208 240 315 357 390
iouv 0.0205 298 143 410 286
iouv 0.0184 381 255 479 352
iouv 0.0181 185 46 401 320
iouv 0.0143 224 413 365 508
iouv 0.0120 261 448 350 495
iouv 0.0106 -20 -26 51 50
iouv 0.0101 460 461 711 727
blight 0.0513 330 315 387 375
blight 0.0405 365 507 426 582
blight 0.0323 380 560 446 591
blight 0.0295 435 64 502 129
blight 0.0279 -13 8 36 48
blight 0.0271 -19 11 37 96
blight 0.0258 -9 -11 28 35
blight 0.0245 335 394 364 451
blight 0.0244 352 285 389 368
blight 0.0216 376 540 430 588
blight 0.0212 -20 -26 51 50
blight 0.0204 378 586 445 607
blight 0.0204 -6 17 30 75
blight 0.0197 447 589 523 612
blight 0.0190 566 589 635 612
blight 0.0183 342 389 384 449
blight 0.0171 585 576 620 624
blight 0.0167 475 565 571 592
blight 0.0165 229 353 265 409
blight 0.0153 351 458 422 571
blight 0.0151 -19 47 30 86
blight 0.0141 529 562 600 588
blight 0.0139 245 348 280 406
blight 0.0133 477 587 561 608
blight 0.0131 569 122 627 157
blight 0.0129 291 483 356 517
blight 0.0126 411 90 498 140
blight 0.0126 417 588 494 610
blight 0.0126 311 246 399 365
blight 0.0125 435 565 506 594
blight 0.0124 389 385 428 439
blight 0.0120 -6 23 18 119
blight 0.0118 376 273 407 353
blight 0.0118 -19 63 34 102
blight 0.0118 577 347 630 379
blight 0.0118 575 -13 631 40
blight 0.0116 0 -2 42 82
blight 0.0113 -32 568 47 654
blight 0.0111 350 524 403 573
blight 0.0111 0 1 74 51
blight 0.0110 568 551 627 581
blight 0.0110 388 566 423 615
blight 0.0108 233 586 299 613
blight 0.0108 30 -11 82 34
blight 0.0107 -17 253 37 341
blight 0.0106 215 351 250 410
blight 0.0106 572 567 633 591
blight 0.0105 383 262 486 380
blight 0.0105 275 513 392 603
blight 0.0105 147 588 212 610
blight 0.0105 286 499 360 535
blight 0.0103 577 333 627 362
blight 0.0101 558 21 628 57
blight 0.0101 331 408 371 438
blight 0.0100 342 374 415 461
Anthrax 0.9972 177 41 398 318
Anthrax 0.9775 431 429 574 580
Anthrax 0.1772 439 428 538 526
Anthrax 0.0814 194 490 290 586
Anthrax 0.0386 469 464 534 523
Anthrax 0.0279 342 373 383 452
Anthrax 0.0270 355 444 428 564
Anthrax 0.0245 460 461 711 727
Anthrax 0.0191 -9 -11 28 35
Anthrax 0.0182 146 70 189 139
Anthrax 0.0180 374 504 465 582
Anthrax 0.0179 414 523 459 583
Anthrax 0.0176 215 351 250 410
Anthrax 0.0168 505 314 536 380
Anthrax 0.0167 564 73 593 162
Anthrax 0.0167 -20 -26 51 50
Anthrax 0.0164 330 315 387 375
Anthrax 0.0159 355 359 394 437
Anthrax 0.0155 -4 571 21 644
Anthrax 0.0144 538 508 593 592
Anthrax 0.0143 435 498 479 583
Anthrax 0.0141 234 312 341 383
Anthrax 0.0141 379 268 470 377
Anthrax 0.0140 570 527 616 697
Anthrax 0.0133 433 438 488 482
Anthrax 0.0133 461 507 607 775
Anthrax 0.0131 166 89 200 154
Anthrax 0.0131 335 394 364 451
Anthrax 0.0127 508 328 545 358
Anthrax 0.0125 345 483 378 552
Anthrax 0.0124 492 345 531 374
Anthrax 0.0121 295 474 353 526
Anthrax 0.0121 111 584 184 611
