iouv 0.0251 581 -24 619 43
iouv 0.0192 570 -21 601 44
iouv 0.0134 235 44 359 114
iouv 0.0121 564 3 598 84
iouv 0.0120 506 3 587 75
iouv 0.0119 260 74 314 121
iouv 0.0115 563 -25 650 52
iouv 0.0113 559 -5 639 23
iouv 0.0107 248 60 331 103
blight 0.1140 77 6 157 54
blight 0.0518 270 8 322 51
blight 0.0433 -2 81 48 152
blight 0.0342 220 28 283 83
blight 0.0331 309 5 342 56
blight 0.0275 349 565 444 596
blight 0.0268 10 226 75 302
blight 0.0260 305 562 391 596
blight 0.0253 80 2 161 27
blight 0.0241 206 372 306 443
blight 0.0241 371 544 460 591
blight 0.0236 -5 102 27 160
blight 0.0233 331 86 416 117
blight 0.0232 235 56 337 95
blight 0.0230 356 526 432 576
blight 0.0202 295 -14 326 33
blight 0.0196 -18 -19 57 43
blight 0.0188 235 43 325 80
blight 0.0187 293 -1 366 22
blight 0.0181 68 13 141 79
blight 0.0181 292 14 325 57
blight 0.0179 -17 -4 56 24
blight 0.0173 576 29 626 88
blight 0.0170 221 33 320 102
blight 0.0166 295 10 354 41
blight 0.0165 559 -5 639 23
blight 0.0164 386 568 469 595
blight 0.0164 259 2 337 27
blight 0.0164 264 10 297 54
blight 0.0164 282 -11 312 31
blight 0.0161 266 290 295 386
blight 0.0161 -1 270 20 363
blight 0.0157 534 2 591 79
blight 0.0155 -3 402 29 457
blight 0.0152 250 24 308 60
blight 0.0149 -13 128 45 212
blight 0.0148 -4 368 29 428
blight 0.0148 482 570 555 593
blight 0.0148 322 2 360 57
blight 0.0147 333 546 410 589
blight 0.0141 566 7 600 94
blight 0.0137 7 53 50 135
blight 0.0135 518 0 590 25
blight 0.0132 0 66 29 127
blight 0.0130 110 0 180 18
blight 0.0125 13 -1 99 23
blight 0.0124 310 -14 343 35
blight 0.0123 -4 5 83 42
blight 0.0121 -2 315 30 372
blight 0.0117 118 567 219 597
blight 0.0116 233 5 319 64
blight 0.0116 557 587 638 614
blight 0.0115 282 -16 370 49
blight 0.0115 -3 -26 23 36
blight 0.0113 218 369 303 411
blight 0.0112 3 266 39 352
blight 0.0111 44 564 148 593
blight 0.0109 -14 338 38 418
Anthrax 0.9987 145 218 471 546
Anthrax 0.0391 2 13 106 131
Anthrax 0.0350 222 403 274 449
Anthrax 0.0342 176 62 258 101
Anthrax 0.0305 92 8 160 50
Anthrax 0.0288 307 5 410 70
Anthrax 0.0281 512 3 583 56
Anthrax 0.0256 109 5 159 34
Anthrax 0.0246 99 1 170 22
Anthrax 0.0234 155 373 190 449
Anthrax 0.0218 323 11 362 66
Anthrax 0.0209 149 383 234 481
Anthrax 0.0207 195 2 274 53
Anthrax 0.0204 220 367 297 417
Anthrax 0.0200 444 324 471 417
Anthrax 0.0193 188 390 287 472
Anthrax 0.0187 243 59 356 92
Anthrax 0.0178 573 -9 629 39
Anthrax 0.0176 563 -25 650 52
Anthrax 0.0172 250 108 284 196
Anthrax 0.0171 204 415 261 454
Anthrax 0.0170 482 570 555 593
Anthrax 0.0169 -2 492 18 582
Anthrax 0.0165 356 383 389 438
Anthrax 0.0163 125 333 152 417
Anthrax 0.0154 4 515 44 586
Anthrax 0.0154 143 512 264 585
Anthrax 0.0154 9 33 47 125
Anthrax 0.0154 317 472 346 524
Anthrax 0.0153 305 -15 410 40
Anthrax 0.0151 150 39 255 105
Anthrax 0.0149 144 344 189 412
Anthrax 0.0148 134 327 170 412
Anthrax 0.0146 20 31 87 85
Anthrax 0.0143 -2 452 19 537
Anthrax 0.0141 157 397 204 474
Anthrax 0.0140 240 26 343 90
Anthrax 0.0138 186 405 245 441
Anthrax 0.0137 165 368 198 427
Anthrax 0.0136 309 7 383 43
Anthrax 0.0136 517 22 593 83
Anthrax 0.0131 216 360 280 400
Anthrax 0.0130 371 66 415 116
Anthrax 0.0130 259 506 367 578
Anthrax 0.0130 167 453 302 542
Anthrax 0.0126 180 397 220 455
Anthrax 0.0123 337 377 373 436
Anthrax 0.0119 216 422 340 543
Anthrax 0.0118 333 8 440 45
Anthrax 0.0114 296 416 326 470
Anthrax 0.0113 -5 -63 50 100
Anthrax 0.0112 386 46 431 106
Anthrax 0.0112 482 6 561 43
Anthrax 0.0111 215 383 286 433
Anthrax 0.0110 442 358 475 444
Anthrax 0.0110 68 425 157 517
Anthrax 0.0110 -1 193 115 279
Anthrax 0.0109 408 590 476 611
Anthrax 0.0107 297 403 342 456
Anthrax 0.0107 319 1 429 29
