iouv 0.0398 95 438 132 534
iouv 0.0185 548 129 597 296
iouv 0.0154 205 373 260 452
iouv 0.0153 539 119 584 153
iouv 0.0149 -6 -25 19 41
iouv 0.0137 540 101 592 141
iouv 0.0100 -1 348 25 423
blight 0.0922 136 182 199 258
blight 0.0635 18 194 62 267
blight 0.0632 565 510 592 590
blight 0.0580 11 225 42 289
blight 0.0528 503 294 534 359
blight 0.0509 8 176 44 245
blight 0.0471 -1 177 18 251
blight 0.0464 358 185 395 242
blight 0.0446 9 260 40 323
blight 0.0423 119 -5 179 19
blight 0.0405 538 -3 591 61
blight 0.0399 20 259 57 301
blight 0.0382 187 246 220 303
blight 0.0381 -3 249 32 282
blight 0.0376 24 232 57 289
blight 0.0375 485 274 520 341
blight 0.0366 40 201 75 266
blight 0.0359 0 231 21 299
blight 0.0348 544 19 597 83
blight 0.0348 73 402 100 488
blight 0.0343 87 385 115 448
blight 0.0343 139 207 183 262
blight 0.0335 164 175 202 242
blight 0.0326 121 265 149 322
blight 0.0320 -5 292 48 368
blight 0.0318 374 186 404 244
blight 0.0313 553 502 585 572
blight 0.0312 331 203 381 241
blight 0.0309 1 259 22 335
blight 0.0303 515 4 582 47
blight 0.0300 -4 210 27 261
blight 0.0295 584 520 614 584
blight 0.0295 117 296 152 362
blight 0.0290 42 233 71 292
blight 0.0288 189 524 217 579
blight 0.0288 202 541 233 592
blight 0.0286 548 533 590 594
blight 0.0280 147 157 190 232
blight 0.0266 103 302 137 362
blight 0.0265 18 162 55 229
blight 0.0265 104 219 135 272
blight 0.0261 136 284 164 344
blight 0.0260 107 286 134 340
blight 0.0258 185 544 217 595
blight 0.0256 518 315 549 374
blight 0.0256 296 458 324 514
blight 0.0254 466 484 501 546
blight 0.0254 489 308 521 370
blight 0.0253 63 368 113 404
blight 0.0252 563 568 628 598
blight 0.0250 -2 263 32 297
blight 0.0248 573 540 623 597
blight 0.0243 106 262 132 318
blight 0.0241 169 232 205 287
blight 0.0240 562 589 627 616
blight 0.0239 49 213 83 283
blight 0.0238 342 166 378 226
blight 0.0238 184 281 219 339
blight 0.0237 147 218 207 268
blight 0.0234 213 212 268 248
blight 0.0232 201 260 238 326
blight 0.0230 39 255 67 303
blight 0.0230 425 -18 451 30
blight 0.0229 86 364 118 421
blight 0.0228 584 577 615 629
blight 0.0227 200 239 239 299
blight 0.0226 86 221 119 280
blight 0.0226 138 367 163 420
blight 0.0225 443 -17 468 29
blight 0.0224 343 134 378 202
blight 0.0223 490 11 515 58
blight 0.0223 537 -16 568 34
blight 0.0222 280 458 308 512
blight 0.0222 523 -13 551 34
blight 0.0220 352 125 395 180
blight 0.0220 -11 227 34 302
blight 0.0218 522 5 552 56
Anthrax 0.9996 222 245 400 457
Anthrax 0.8609 199 372 258 448
Anthrax 0.8422 305 248 376 327
Anthrax 0.3558 547 120 598 292
Anthrax 0.1117 95 438 132 534
Anthrax 0.1021 -2 360 24 431
Anthrax 0.0809 3 352 36 416
Anthrax 0.0753 547 162 644 278
Anthrax 0.0708 309 252 361 293
Anthrax 0.0619 253 252 380 350
Anthrax 0.0539 219 246 327 335
Anthrax 0.0461 553 202 593 296
Anthrax 0.0400 564 132 595 227
Anthrax 0.0393 136 209 177 267
Anthrax 0.0384 82 -3 160 19
Anthrax 0.0383 546 148 590 239
Anthrax 0.0370 83 0 157 44
Anthrax 0.0365 6 330 77 369
Anthrax 0.0337 312 361 409 465
Anthrax 0.0336 583 176 616 262
Anthrax 0.0317 75 350 128 402
Anthrax 0.0292 214 362 287 451
Anthrax 0.0289 289 260 343 301
