iouv 0.0531 463 294 615 365
iouv 0.0490 10 59 483 383
iouv 0.0265 174 178 249 223
iouv 0.0216 487 145 602 239
iouv 0.0196 199 509 303 591
iouv 0.0144 566 151 594 218
iouv 0.0102 149 129 253 222
blight 0.0229 55 390 148 442
blight 0.0215 -14 333 52 420
blight 0.0208 161 124 230 169
blight 0.0207 347 4 435 43
blight 0.0186 495 382 559 425
blight 0.0173 333 -4 422 22
blight 0.0165 44 44 133 102
blight 0.0158 578 89 630 145
blight 0.0152 575 336 627 390
blight 0.0149 437 111 503 159
blight 0.0149 575 -10 629 33
blight 0.0147 582 305 617 378
blight 0.0138 -21 -5 43 21
blight 0.0138 508 392 577 440
blight 0.0137 568 403 635 439
blight 0.0137 412 128 495 175
blight 0.0137 -14 95 41 179
blight 0.0136 553 -2 640 23
blight 0.0130 482 427 561 482
blight 0.0129 452 118 492 182
blight 0.0128 -6 407 86 459
blight 0.0125 378 -22 410 28
blight 0.0124 172 4 273 48
blight 0.0123 377 -6 469 21
blight 0.0121 471 363 565 457
blight 0.0121 418 338 485 376
blight 0.0121 458 -4 560 19
blight 0.0118 -5 345 36 406
blight 0.0116 -16 589 38 614
blight 0.0116 363 -20 396 27
blight 0.0116 566 421 633 457
blight 0.0111 35 422 70 482
blight 0.0109 -9 130 45 213
blight 0.0107 154 113 249 194
blight 0.0107 70 400 105 465
blight 0.0107 337 -19 425 38
blight 0.0107 175 142 249 189
blight 0.0107 81 392 125 462
blight 0.0106 410 145 496 192
blight 0.0105 -10 166 38 205
blight 0.0105 393 -22 426 26
blight 0.0105 398 114 479 159
blight 0.0103 390 2 476 42
blight 0.0103 423 97 484 142
blight 0.0101 583 413 621 472
blight 0.0101 -24 -22 45 51
blight 0.0100 -14 181 40 220
Anthrax 0.9317 13 74 494 397
Anthrax 0.0386 3 142 49 224
Anthrax 0.0359 399 257 493 362
Anthrax 0.0345 255 88 333 130
Anthrax 0.0344 107 197 191 234
Anthrax 0.0290 484 284 605 366
Anthrax 0.0266 268 99 351 139
Anthrax 0.0256 163 212 225 246
Anthrax 0.0256 -2 157 33 217
Anthrax 0.0207 165 230 220 262
Anthrax 0.0206 35 159 100 211
Anthrax 0.0199 144 196 218 236
Anthrax 0.0195 346 232 399 285
Anthrax 0.0192 430 377 477 476
Anthrax 0.0191 405 163 477 209
Anthrax 0.0179 -4 74 17 169
Anthrax 0.0174 513 436 557 505
Anthrax 0.0168 565 260 625 295
Anthrax 0.0163 548 425 588 503
Anthrax 0.0161 435 253 484 336
Anthrax 0.0156 533 435 573 503
Anthrax 0.0155 374 377 479 473
Anthrax 0.0154 160 114 254 202
Anthrax 0.0154 289 88 367 127
Anthrax 0.0153 304 103 380 142
Anthrax 0.0148 1 76 41 155
Anthrax 0.0148 384 147 462 193
Anthrax 0.0145 1 122 49 366
Anthrax 0.0142 318 213 413 293
Anthrax 0.0141 460 408 570 499
Anthrax 0.0139 583 252 614 317
Anthrax 0.0138 285 169 390 262
Anthrax 0.0136 498 -3 597 20
Anthrax 0.0135 571 251 602 319
Anthrax 0.0131 33 213 73 251
Anthrax 0.0128 222 160 267 237
Anthrax 0.0128 434 194 483 277
Anthrax 0.0127 -6 188 33 242
Anthrax 0.0124 213 -3 331 45
Anthrax 0.0122 130 205 202 244
Anthrax 0.0122 27 195 76 242
Anthrax 0.0121 553 -2 640 23
Anthrax 0.0121 14 161 67 239
Anthrax 0.0120 -14 181 40 220
Anthrax 0.0119 485 447 552 495
Anthrax 0.0118 550 104 587 161
Anthrax 0.0118 413 297 472 329
Anthrax 0.0118 -4 529 33 727
Anthrax 0.0116 39 181 96 224
Anthrax 0.0115 440 417 490 461
Anthrax 0.0115 186 168 260 225
Anthrax 0.0114 523 -9 580 25
Anthrax 0.0112 62 186 121 222
Anthrax 0.0110 484 466 551 511
Anthrax 0.0109 481 4 604 36
Anthrax 0.0108 552 260 596 296
Anthrax 0.0107 193 582 268 616
Anthrax 0.0107 533 111 573 163
Anthrax 0.0107 249 78 284 125
Anthrax 0.0107 6 220 39 322
Anthrax 0.0106 164 187 245 231
Anthrax 0.0106 -7 328 33 390
