iouv 0.0260 94 52 522 591
iouv 0.0119 202 518 307 602
blight 0.0355 529 271 589 343
blight 0.0270 0 489 21 578
blight 0.0266 496 171 589 269
blight 0.0250 -5 492 52 568
blight 0.0200 60 283 94 342
blight 0.0187 6 215 88 319
blight 0.0182 563 587 629 615
blight 0.0174 87 236 107 283
blight 0.0170 276 7 348 53
blight 0.0162 -3 230 32 285
blight 0.0156 272 -3 352 24
blight 0.0155 577 -9 625 27
blight 0.0154 323 -2 425 25
blight 0.0153 33 323 94 362
blight 0.0151 -14 -21 48 48
blight 0.0147 548 197 594 235
blight 0.0144 -3 520 32 576
blight 0.0144 50 303 100 354
blight 0.0144 92 240 115 296
blight 0.0136 188 58 239 115
blight 0.0136 -10 498 33 541
blight 0.0132 -14 212 44 296
blight 0.0125 -28 560 55 650
blight 0.0125 -7 -7 29 32
blight 0.0120 140 585 219 613
blight 0.0119 389 26 488 75
blight 0.0118 39 258 79 330
blight 0.0117 503 202 573 256
blight 0.0116 5 222 59 267
blight 0.0114 93 261 115 323
blight 0.0112 567 199 624 232
blight 0.0112 233 -5 321 24
blight 0.0111 -8 577 39 632
blight 0.0111 584 577 620 639
blight 0.0111 566 566 634 598
blight 0.0109 118 557 206 601
blight 0.0108 218 -16 247 38
blight 0.0104 547 180 590 218
blight 0.0104 564 548 632 586
blight 0.0100 584 396 615 472
Anthrax 0.9943 96 69 520 594
Anthrax 0.4524 453 -7 603 174
Anthrax 0.2302 514 8 587 49
Anthrax 0.1654 213 388 263 430
Anthrax 0.0908 -3 0 85 100
Anthrax 0.0846 1 4 70 51
Anthrax 0.0637 -2 -10 85 337
Anthrax 0.0506 -4 124 84 243
Anthrax 0.0459 107 250 155 284
Anthrax 0.0453 5 168 47 244
Anthrax 0.0394 1 162 24 238
Anthrax 0.0359 75 478 178 587
Anthrax 0.0357 539 3 585 33
Anthrax 0.0351 4 0 77 25
Anthrax 0.0343 5 12 54 74
Anthrax 0.0331 494 59 584 175
Anthrax 0.0325 558 -2 597 24
Anthrax 0.0294 451 264 492 288
Anthrax 0.0279 463 232 511 289
Anthrax 0.0276 93 288 116 369
Anthrax 0.0271 100 257 137 285
Anthrax 0.0270 13 30 62 64
Anthrax 0.0259 133 498 165 569
Anthrax 0.0258 477 248 518 301
Anthrax 0.0249 577 -9 625 27
Anthrax 0.0246 168 109 219 166
Anthrax 0.0246 106 415 141 488
Anthrax 0.0243 100 296 147 353
Anthrax 0.0237 24 107 52 131
Anthrax 0.0235 507 14 597 102
Anthrax 0.0233 72 374 111 452
Anthrax 0.0233 26 121 52 146
Anthrax 0.0231 488 75 519 144
Anthrax 0.0219 -3 141 19 220
Anthrax 0.0215 280 397 352 432
Anthrax 0.0213 12 153 65 227
Anthrax 0.0211 37 124 57 148
Anthrax 0.0210 524 18 571 61
Anthrax 0.0207 108 383 178 487
Anthrax 0.0206 30 169 75 235
Anthrax 0.0205 562 9 625 35
Anthrax 0.0205 95 272 183 379
Anthrax 0.0204 254 330 347 425
Anthrax 0.0200 95 424 121 477
Anthrax 0.0200 90 363 117 429
Anthrax 0.0199 -4 107 14 180
Anthrax 0.0197 443 248 494 279
