iouv 0.0670 100 25 492 447
iouv 0.0224 -3 148 104 247
iouv 0.0184 370 32 481 178
iouv 0.0154 89 25 217 94
iouv 0.0139 516 90 591 189
iouv 0.0130 327 77 443 201
iouv 0.0117 -5 -19 21 46
blight 0.0302 475 5 549 48
blight 0.0299 -22 -23 43 50
blight 0.0243 -2 10 22 97
blight 0.0215 54 31 129 76
blight 0.0215 469 -4 549 24
blight 0.0206 360 189 422 263
blight 0.0189 -18 -5 40 21
blight 0.0185 519 258 600 287
blight 0.0183 419 499 491 533
blight 0.0179 337 167 448 259
blight 0.0174 -11 381 55 468
blight 0.0169 -5 -19 21 46
blight 0.0165 31 50 110 89
blight 0.0165 564 587 635 614
blight 0.0149 430 530 497 565
blight 0.0146 -5 396 34 457
blight 0.0143 -23 294 44 385
blight 0.0141 576 410 628 470
blight 0.0141 83 101 156 138
blight 0.0136 485 -14 592 47
blight 0.0133 -8 425 64 480
blight 0.0130 -15 199 58 295
blight 0.0128 49 16 117 63
blight 0.0124 396 565 478 592
blight 0.0124 568 568 635 593
blight 0.0123 417 489 488 517
blight 0.0123 44 225 124 271
blight 0.0118 -31 567 51 649
blight 0.0117 7 411 87 460
blight 0.0117 -7 -2 45 76
blight 0.0116 -14 345 59 437
blight 0.0115 -4 -1 62 26
blight 0.0112 523 565 599 591
blight 0.0110 565 293 633 324
blight 0.0109 577 -11 631 38
blight 0.0109 585 580 620 632
blight 0.0109 395 588 480 612
blight 0.0106 -2 392 22 495
blight 0.0105 41 401 124 453
blight 0.0104 -14 4 34 44
blight 0.0104 265 587 350 613
blight 0.0103 -9 236 57 327
blight 0.0102 11 31 95 72
blight 0.0102 59 -4 156 21
blight 0.0102 -4 237 33 297
blight 0.0101 560 -4 637 22
blight 0.0101 458 274 528 314
blight 0.0101 480 26 526 88
blight 0.0100 566 -26 653 53
Anthrax 0.9853 115 28 483 457
Anthrax 0.0553 231 341 342 420
Anthrax 0.0491 185 197 231 254
Anthrax 0.0436 321 210 407 295
Anthrax 0.0379 494 421 595 511
Anthrax 0.0336 225 354 273 419
Anthrax 0.0282 278 17 370 87
Anthrax 0.0229 521 454 578 521
Anthrax 0.0200 258 339 357 390
Anthrax 0.0200 341 195 439 270
Anthrax 0.0198 483 457 599 530
Anthrax 0.0192 326 229 386 281
Anthrax 0.0185 510 73 599 187
Anthrax 0.0184 536 472 588 532
Anthrax 0.0184 6 87 43 155
Anthrax 0.0178 521 439 573 478
Anthrax 0.0175 380 146 436 199
Anthrax 0.0175 229 352 306 403
Anthrax 0.0174 170 12 283 52
Anthrax 0.0169 411 378 550 493
Anthrax 0.0148 206 346 308 444
Anthrax 0.0144 237 167 308 228
Anthrax 0.0143 517 422 555 486
Anthrax 0.0142 207 140 330 229
Anthrax 0.0141 458 125 482 209
Anthrax 0.0132 87 27 203 101
Anthrax 0.0129 576 584 629 629
Anthrax 0.0124 556 93 616 243
Anthrax 0.0124 390 208 500 320
Anthrax 0.0120 163 172 249 264
Anthrax 0.0119 556 576 652 659
Anthrax 0.0116 248 44 311 100
Anthrax 0.0115 219 40 340 121
Anthrax 0.0114 -5 6 46 94
Anthrax 0.0113 511 455 567 496
Anthrax 0.0113 465 80 529 277
Anthrax 0.0112 531 -5 695 44
Anthrax 0.0110 495 60 567 238
Anthrax 0.0109 529 142 597 209
Anthrax 0.0107 423 330 458 387
Anthrax 0.0104 264 512 404 594
Anthrax 0.0104 322 126 368 194
Anthrax 0.0102 492 11 674 418
