iouv 0.0297 -4 105 63 175
iouv 0.0165 0 101 22 178
iouv 0.0159 7 97 45 154
iouv 0.0156 330 302 458 383
iouv 0.0153 201 338 331 448
iouv 0.0119 305 332 350 398
iouv 0.0119 123 127 208 214
iouv 0.0113 464 169 542 212
blight 0.0486 11 234 123 311
blight 0.0348 458 125 486 205
blight 0.0210 31 243 122 284
blight 0.0208 584 580 618 625
blight 0.0201 555 540 601 591
blight 0.0187 244 92 281 185
blight 0.0174 91 397 172 449
blight 0.0171 561 589 637 613
blight 0.0159 265 418 322 454
blight 0.0157 328 254 451 368
blight 0.0147 258 76 293 165
blight 0.0145 -10 -10 23 24
blight 0.0144 583 537 617 600
blight 0.0140 469 139 499 195
blight 0.0136 -1 201 107 291
blight 0.0134 -18 586 41 614
blight 0.0133 579 509 631 568
blight 0.0131 71 -18 101 20
blight 0.0128 565 505 631 534
blight 0.0126 12 231 104 271
blight 0.0126 -4 214 40 247
blight 0.0124 469 573 580 591
blight 0.0123 563 568 637 595
blight 0.0123 544 571 604 593
blight 0.0123 87 -19 117 20
blight 0.0118 349 375 441 452
blight 0.0118 104 -20 133 20
blight 0.0117 570 584 597 618
blight 0.0117 120 -20 149 20
blight 0.0117 548 507 597 536
blight 0.0117 524 553 597 586
blight 0.0116 565 553 632 583
blight 0.0116 155 591 250 612
blight 0.0115 263 440 292 502
blight 0.0114 136 -20 166 20
blight 0.0114 231 -22 263 18
blight 0.0113 547 537 596 569
blight 0.0113 116 394 202 443
blight 0.0111 521 -19 549 19
blight 0.0110 215 -22 247 18
blight 0.0110 247 -21 278 19
blight 0.0109 210 433 277 478
blight 0.0108 576 474 633 537
blight 0.0108 -32 565 47 651
blight 0.0108 -1 231 37 262
blight 0.0108 155 379 231 434
blight 0.0106 -18 -4 36 17
blight 0.0106 -17 527 51 606
blight 0.0105 559 -4 639 19
blight 0.0105 152 -19 182 20
blight 0.0105 199 -22 232 19
blight 0.0104 363 273 417 345
blight 0.0103 263 -19 293 19
blight 0.0103 168 -20 199 20
blight 0.0101 183 -21 216 20
blight 0.0100 278 71 311 147
blight 0.0100 383 277 429 335
Anthrax 0.9999 -8 108 283 356
Anthrax 0.9994 403 142 608 360
Anthrax 0.9991 230 59 478 310
Anthrax 0.0456 425 272 458 294
Anthrax 0.0359 444 274 472 294
Anthrax 0.0328 362 115 530 330
Anthrax 0.0318 423 286 458 308
Anthrax 0.0306 421 254 453 275
Anthrax 0.0300 509 153 597 238
Anthrax 0.0294 404 266 447 294
Anthrax 0.0289 406 285 447 311
Anthrax 0.0275 439 259 467 277
Anthrax 0.0246 400 299 454 331
Anthrax 0.0222 437 238 465 258
Anthrax 0.0220 359 392 448 452
Anthrax 0.0219 463 272 488 292
Anthrax 0.0211 464 166 555 239
Anthrax 0.0196 48 261 139 295
Anthrax 0.0182 438 283 470 305
Anthrax 0.0176 412 234 455 260
Anthrax 0.0171 565 154 597 227
Anthrax 0.0159 345 83 472 186
Anthrax 0.0158 246 88 284 175
Anthrax 0.0157 512 294 585 327
Anthrax 0.0152 499 285 560 311
Anthrax 0.0149 -3 524 36 716
Anthrax 0.0147 226 87 323 186
Anthrax 0.0141 31 243 122 284
Anthrax 0.0138 462 81 670 357
Anthrax 0.0138 457 261 484 280
Anthrax 0.0134 263 77 300 155
Anthrax 0.0134 383 281 432 311
Anthrax 0.0128 527 283 584 311
Anthrax 0.0127 395 220 500 309
Anthrax 0.0123 -10 126 34 359
Anthrax 0.0120 455 241 480 261
Anthrax 0.0119 566 284 619 308
Anthrax 0.0117 567 233 593 294
Anthrax 0.0115 452 279 482 301
Anthrax 0.0113 586 238 612 290
Anthrax 0.0111 396 250 438 274
Anthrax 0.0111 365 171 485 280
Anthrax 0.0111 236 97 270 167
Anthrax 0.0110 378 261 433 294
Anthrax 0.0110 231 165 309 248
Anthrax 0.0106 565 271 621 295
Anthrax 0.0106 252 115 303 164
Anthrax 0.0105 371 310 457 350
