iouv 0.0115 146 316 277 418
blight 0.0411 20 11 113 84
blight 0.0299 29 -15 110 51
blight 0.0285 25 -4 109 25
blight 0.0258 7 27 89 116
blight 0.0211 -22 173 40 258
blight 0.0206 10 22 76 73
blight 0.0206 -18 214 41 252
blight 0.0204 113 12 193 64
blight 0.0202 -19 -3 48 23
blight 0.0201 -20 -22 49 43
blight 0.0192 445 559 525 597
blight 0.0192 94 47 165 93
blight 0.0186 -20 197 39 235
blight 0.0185 -8 208 80 256
blight 0.0182 63 -3 143 23
blight 0.0180 31 54 77 137
blight 0.0176 -17 178 37 218
blight 0.0165 -15 126 48 208
blight 0.0161 -16 437 27 475
blight 0.0160 -15 452 31 487
blight 0.0154 -19 228 39 268
blight 0.0154 5 192 101 235
blight 0.0154 64 17 126 62
blight 0.0154 0 560 63 595
blight 0.0148 -14 163 37 204
blight 0.0144 84 23 185 113
blight 0.0143 -6 170 83 221
blight 0.0139 -14 40 47 124
blight 0.0138 99 28 174 77
blight 0.0135 -29 565 45 650
blight 0.0134 11 218 72 278
blight 0.0128 129 -14 232 57
blight 0.0127 424 543 515 592
blight 0.0127 558 586 632 611
blight 0.0125 562 -7 640 20
blight 0.0124 31 31 137 136
blight 0.0123 -18 7 38 43
blight 0.0122 318 131 397 175
blight 0.0121 1 164 108 254
blight 0.0121 -22 243 35 282
blight 0.0120 583 576 616 629
blight 0.0120 38 387 89 426
blight 0.0117 62 -9 112 38
blight 0.0117 -8 579 33 627
blight 0.0116 49 59 100 142
blight 0.0114 574 343 628 405
blight 0.0114 36 42 101 106
blight 0.0113 104 4 172 47
blight 0.0113 -8 -9 29 32
blight 0.0113 133 -3 227 25
blight 0.0112 97 57 142 119
blight 0.0110 212 8 300 83
blight 0.0109 -6 519 61 599
blight 0.0108 44 -15 359 187
blight 0.0108 418 402 487 441
blight 0.0108 334 -5 453 15
blight 0.0107 -24 260 31 298
blight 0.0107 8 3 76 54
blight 0.0103 125 33 168 99
blight 0.0102 447 587 520 612
blight 0.0101 435 -14 531 45
blight 0.0100 -19 86 39 122
blight 0.0100 85 423 159 507
Anthrax 0.9991 43 162 420 408
Anthrax 0.9895 440 313 556 407
Anthrax 0.0996 285 294 354 348
Anthrax 0.0609 96 283 207 380
Anthrax 0.0578 503 313 561 417
Anthrax 0.0376 152 148 254 183
Anthrax 0.0302 212 11 294 75
Anthrax 0.0283 481 76 559 132
Anthrax 0.0269 448 309 533 364
Anthrax 0.0244 440 0 579 44
Anthrax 0.0228 3 506 49 594
Anthrax 0.0210 274 270 399 355
Anthrax 0.0208 144 129 235 176
Anthrax 0.0179 203 232 261 265
Anthrax 0.0178 117 586 185 611
Anthrax 0.0173 133 305 264 424
Anthrax 0.0165 0 492 24 590
Anthrax 0.0158 366 344 464 425
Anthrax 0.0158 35 513 72 590
Anthrax 0.0156 429 317 495 403
Anthrax 0.0155 276 448 392 561
Anthrax 0.0154 -2 520 38 709
Anthrax 0.0147 187 209 243 262
Anthrax 0.0146 471 438 501 532
