iouv 0.1972 157 349 246 435
iouv 0.1020 90 390 186 453
iouv 0.0562 374 291 472 335
iouv 0.0487 361 170 440 272
iouv 0.0476 166 134 298 296
iouv 0.0453 66 501 132 539
iouv 0.0416 189 473 250 506
iouv 0.0339 347 270 438 324
iouv 0.0290 368 287 437 317
iouv 0.0269 349 298 457 363
iouv 0.0266 108 389 152 440
iouv 0.0248 85 397 139 456
iouv 0.0228 236 345 314 431
iouv 0.0206 343 274 397 312
iouv 0.0199 400 282 468 320
iouv 0.0194 336 291 419 335
iouv 0.0187 213 474 272 510
iouv 0.0182 190 360 245 405
iouv 0.0164 68 410 116 444
iouv 0.0162 239 483 291 527
iouv 0.0139 161 129 254 234
iouv 0.0138 323 287 468 406
iouv 0.0129 373 434 420 473
iouv 0.0119 198 460 258 488
iouv 0.0118 4 257 74 338
iouv 0.0117 47 415 99 440
iouv 0.0117 173 459 265 523
iouv 0.0113 23 10 79 89
iouv 0.0112 325 357 389 400
iouv 0.0106 336 228 407 308
iouv 0.0106 5 291 77 372
iouv 0.0105 340 320 424 362
iouv 0.0105 389 274 423 316
iouv 0.0102 46 391 134 473
blight 0.0880 294 293 344 358
blight 0.0621 49 2 140 85
blight 0.0567 172 292 263 325
blight 0.0491 167 450 197 512
blight 0.0451 496 4 532 30
blight 0.0450 485 0 541 21
blight 0.0428 297 327 335 383
blight 0.0421 69 5 146 49
blight 0.0387 130 129 171 205
blight 0.0373 1 35 35 127
blight 0.0366 568 10 595 132
blight 0.0355 296 255 357 368
blight 0.0346 114 116 159 193
blight 0.0342 549 32 581 126
blight 0.0338 146 454 212 536
blight 0.0313 569 83 595 180
blight 0.0299 567 121 592 214
blight 0.0290 -2 55 17 144
blight 0.0277 157 448 189 498
blight 0.0267 493 -12 523 29
blight 0.0259 578 42 614 135
blight 0.0251 269 311 346 396
blight 0.0245 578 93 610 170
blight 0.0242 556 90 586 184
blight 0.0237 279 308 322 349
blight 0.0225 3 74 46 131
blight 0.0224 569 53 641 163
blight 0.0224 231 278 267 337
blight 0.0210 18 89 65 125
blight 0.0210 15 52 54 123
blight 0.0208 16 127 59 208
blight 0.0207 538 37 566 128
blight 0.0201 573 123 621 182
blight 0.0197 6 117 43 192
blight 0.0195 569 -4 636 17
blight 0.0195 21 6 97 93
blight 0.0189 -5 72 29 106
blight 0.0188 319 304 360 372
blight 0.0188 151 137 194 225
blight 0.0187 38 5 111 46
blight 0.0182 327 331 358 380
blight 0.0179 546 148 585 198
blight 0.0178 339 18 369 88
blight 0.0177 54 14 121 61
blight 0.0175 579 11 615 93
blight 0.0172 -5 88 31 118
blight 0.0171 126 467 188 504
blight 0.0167 565 101 642 207
blight 0.0166 -13 -33 53 84
blight 0.0164 321 238 353 329
blight 0.0163 550 47 601 167
blight 0.0161 536 153 567 191
blight 0.0161 183 4 257 42
blight 0.0156 2 307 21 382
blight 0.0156 181 0 264 24
blight 0.0155 296 345 332 407
blight 0.0154 581 149 612 217
blight 0.0153 232 301 264 354
blight 0.0153 294 368 332 449
blight 0.0152 5 10 43 97
blight 0.0151 -29 570 44 651
blight 0.0150 228 363 268 425
blight 0.0150 509 1 550 30
blight 0.0150 104 343 161 376
blight 0.0149 19 69 64 109
blight 0.0147 563 41 593 103
blight 0.0147 583 215 614 286
blight 0.0146 168 434 196 485
Anthrax 0.9429 75 281 202 341
Anthrax 0.2135 358 175 438 268
Anthrax 0.1631 121 275 193 327
Anthrax 0.0752 312 239 349 339
Anthrax 0.0708 532 162 563 204
Anthrax 0.0626 280 412 317 490
Anthrax 0.0456 80 294 150 351
Anthrax 0.0427 486 -7 527 31
Anthrax 0.0414 374 291 472 335
Anthrax 0.0405 261 408 304 465
Anthrax 0.0401 294 416 328 516
Anthrax 0.0398 352 313 462 417
Anthrax 0.0384 16 4 89 96
Anthrax 0.0370 84 280 155 324
Anthrax 0.0359 320 426 398 551
Anthrax 0.0354 149 140 236 245
Anthrax 0.0347 92 405 177 457
Anthrax 0.0339 60 498 125 547
Anthrax 0.0321 485 2 536 21
Anthrax 0.0304 401 14 450 40
Anthrax 0.0295 299 226 328 302
Anthrax 0.0292 114 279 180 307
Anthrax 0.0248 162 144 209 229
Anthrax 0.0244 5 360 34 453
Anthrax 0.0234 241 413 290 463
Anthrax 0.0232 176 348 223 419
Anthrax 0.0210 25 360 59 426
Anthrax 0.0210 368 353 437 423
Anthrax 0.0209 308 222 342 300
Anthrax 0.0207 311 431 343 528
Anthrax 0.0207 419 290 460 343
Anthrax 0.0195 248 471 290 537
Anthrax 0.0191 166 134 298 296
Anthrax 0.0190 261 455 305 521
Anthrax 0.0186 251 437 321 540
Anthrax 0.0185 275 190 342 295
Anthrax 0.0184 54 505 93 558
