iouv 0.9966 88 234 246 418
iouv 0.9962 403 237 582 389
iouv 0.9238 291 339 359 403
iouv 0.9108 2 272 88 364
iouv 0.1108 99 54 218 127
iouv 0.1076 128 138 240 200
iouv 0.0910 81 247 175 388
iouv 0.0868 300 13 415 89
iouv 0.0799 18 254 120 387
iouv 0.0715 411 225 517 351
blight 0.0416 2 13 97 71
blight 0.0291 241 178 281 231
blight 0.0248 526 2 588 40
blight 0.0247 435 530 483 570
blight 0.0240 218 189 247 259
blight 0.0239 229 192 268 255
blight 0.0233 585 582 616 630
blight 0.0232 241 92 284 166
blight 0.0222 240 164 277 211
blight 0.0215 18 441 51 511
blight 0.0214 223 180 271 213
blight 0.0207 97 436 135 496
blight 0.0207 259 180 291 229
blight 0.0203 562 588 628 612
blight 0.0200 48 453 88 489
blight 0.0199 527 -16 561 44
blight 0.0191 225 157 265 206
blight 0.0184 566 569 629 594
blight 0.0181 539 560 596 601
blight 0.0178 562 -3 637 19
blight 0.0176 -13 -2 46 21
blight 0.0175 444 225 708 415
blight 0.0175 217 80 252 145
blight 0.0174 416 574 497 597
blight 0.0172 357 470 391 503
blight 0.0170 -12 8 44 40
blight 0.0169 440 532 471 560
blight 0.0165 375 469 407 504
blight 0.0162 88 444 122 516
blight 0.0159 408 0 504 56
blight 0.0153 39 444 68 507
blight 0.0153 -16 -21 53 44
blight 0.0152 463 536 516 576
blight 0.0147 457 533 485 563
blight 0.0147 492 535 518 566
blight 0.0146 552 547 600 591
blight 0.0145 507 536 534 567
blight 0.0143 518 153 579 194
blight 0.0143 3 463 24 560
blight 0.0143 0 420 22 492
blight 0.0142 -2 259 22 321
blight 0.0140 215 168 278 194
blight 0.0140 55 -29 316 171
blight 0.0138 432 521 490 552
blight 0.0136 543 22 601 53
blight 0.0135 69 441 108 491
blight 0.0134 423 552 485 581
blight 0.0134 1 416 33 464
blight 0.0131 491 551 518 584
blight 0.0131 -3 359 18 430
blight 0.0131 458 547 484 576
blight 0.0131 472 -27 498 28
blight 0.0128 393 470 423 506
blight 0.0128 212 175 281 248
blight 0.0128 -4 -19 20 42
blight 0.0127 231 409 261 469
blight 0.0125 83 472 122 541
blight 0.0124 234 70 273 148
blight 0.0124 569 587 597 627
blight 0.0124 570 171 595 214
blight 0.0122 475 549 500 579
blight 0.0121 475 534 500 565
blight 0.0119 7 449 44 541
blight 0.0117 505 553 535 587
blight 0.0116 197 85 231 149
blight 0.0114 -3 525 29 578
blight 0.0113 428 530 455 557
blight 0.0112 578 546 628 595
blight 0.0110 200 198 233 261
blight 0.0109 489 -24 517 31
blight 0.0107 441 96 709 323
blight 0.0107 140 82 240 179
blight 0.0106 187 -16 214 25
blight 0.0106 512 -19 541 36
blight 0.0105 523 536 550 569
blight 0.0105 546 -20 586 29
blight 0.0104 204 196 251 234
blight 0.0104 238 387 259 443
blight 0.0104 251 114 297 159
blight 0.0104 72 240 307 428
blight 0.0104 258 164 294 208
blight 0.0104 170 -16 198 24
blight 0.0103 3 -4 97 47
blight 0.0102 561 9 633 36
Anthrax 0.0534 99 238 169 285
Anthrax 0.0525 3 278 84 364
Anthrax 0.0437 358 523 422 544
Anthrax 0.0411 505 202 595 227
Anthrax 0.0373 228 218 271 284
Anthrax 0.0364 92 45 212 139
Anthrax 0.0360 567 164 596 213
Anthrax 0.0340 279 533 327 571
Anthrax 0.0336 176 222 250 326
Anthrax 0.0336 509 177 587 216
Anthrax 0.0333 543 158 590 209
Anthrax 0.0326 211 276 248 354
Anthrax 0.0306 85 234 185 321
Anthrax 0.0306 301 344 360 403
Anthrax 0.0304 435 189 546 221
Anthrax 0.0286 183 197 222 273
Anthrax 0.0266 146 248 252 369
Anthrax 0.0263 0 11 100 49
Anthrax 0.0252 257 535 311 566
Anthrax 0.0238 439 503 470 540
Anthrax 0.0235 133 137 244 199
Anthrax 0.0230 301 532 340 571
Anthrax 0.0229 352 532 425 563
Anthrax 0.0228 195 145 242 195
Anthrax 0.0221 277 518 321 555
Anthrax 0.0221 530 0 579 34
Anthrax 0.0216 98 258 149 343
Anthrax 0.0213 240 198 283 268
Anthrax 0.0212 244 552 323 583
Anthrax 0.0212 502 220 587 242
Anthrax 0.0210 339 351 377 400
Anthrax 0.0203 455 504 484 541
Anthrax 0.0201 516 165 577 201
Anthrax 0.0200 228 201 269 257
Anthrax 0.0196 562 -3 637 19
Anthrax 0.0195 378 521 410 554
Anthrax 0.0195 135 157 208 204
Anthrax 0.0194 238 76 280 146
Anthrax 0.0192 65 142 136 165
Anthrax 0.0187 236 269 324 353
Anthrax 0.0184 229 208 297 311
Anthrax 0.0183 451 528 514 552
Anthrax 0.0180 451 201 570 227
Anthrax 0.0174 334 17 411 60
Anthrax 0.0172 -18 145 133 226
Anthrax 0.0171 311 528 352 603
Anthrax 0.0170 215 327 248 382
Anthrax 0.0167 486 529 544 548
Anthrax 0.0166 200 137 265 171
Anthrax 0.0166 360 116 437 147
Anthrax 0.0164 9 7 106 32
Anthrax 0.0162 159 175 219 213
Anthrax 0.0159 219 221 249 284
Anthrax 0.0155 217 80 252 145
Anthrax 0.0154 122 235 198 269
Anthrax 0.0151 352 356 401 391
Anthrax 0.0151 438 508 501 538
Anthrax 0.0151 301 522 335 553
Anthrax 0.0150 142 198 192 230
