iouv 0.1603 411 459 504 525
iouv 0.1288 519 272 592 373
iouv 0.1207 284 538 400 575
iouv 0.0800 556 13 598 90
iouv 0.0666 351 505 432 534
iouv 0.0576 309 582 390 610
iouv 0.0503 500 84 604 138
iouv 0.0488 374 520 447 551
iouv 0.0406 387 509 457 542
iouv 0.0397 333 523 411 548
iouv 0.0364 333 466 405 508
iouv 0.0342 353 488 424 519
iouv 0.0323 293 529 382 558
iouv 0.0308 20 524 100 560
iouv 0.0283 340 535 416 564
iouv 0.0272 226 581 324 605
iouv 0.0259 375 533 441 567
iouv 0.0247 483 89 546 140
iouv 0.0243 258 317 325 364
iouv 0.0231 272 586 346 608
iouv 0.0223 488 57 578 126
iouv 0.0213 135 586 222 608
iouv 0.0210 342 510 435 564
iouv 0.0206 290 550 403 596
iouv 0.0204 357 465 422 499
iouv 0.0197 406 477 446 526
iouv 0.0196 417 91 479 141
iouv 0.0193 483 47 554 100
iouv 0.0192 560 40 599 118
iouv 0.0192 60 590 141 611
iouv 0.0189 146 541 222 572
iouv 0.0184 431 49 510 102
iouv 0.0180 2 585 76 614
iouv 0.0172 220 568 331 597
iouv 0.0170 -14 585 41 613
iouv 0.0161 398 582 499 613
iouv 0.0155 481 524 588 554
iouv 0.0151 348 543 401 584
iouv 0.0145 400 460 468 500
iouv 0.0141 374 481 440 527
iouv 0.0135 94 589 170 609
iouv 0.0132 507 4 598 26
iouv 0.0132 396 480 482 561
iouv 0.0131 560 284 596 382
blight 0.4772 343 3 432 37
blight 0.1518 346 2 434 81
blight 0.1127 388 4 463 45
blight 0.0709 317 -10 412 46
blight 0.0536 374 18 412 105
blight 0.0452 510 564 619 596
blight 0.0438 385 93 472 158
blight 0.0427 379 4 432 63
blight 0.0423 558 399 598 445
blight 0.0421 543 408 591 459
blight 0.0314 414 106 473 150
blight 0.0307 175 568 242 593
blight 0.0290 569 400 621 451
blight 0.0282 66 8 163 39
blight 0.0272 552 560 602 598
blight 0.0272 538 405 570 469
blight 0.0271 12 532 85 572
blight 0.0271 382 0 461 25
blight 0.0269 186 95 266 140
blight 0.0265 581 580 616 630
blight 0.0258 335 0 395 61
blight 0.0244 558 6 598 51
blight 0.0242 -15 -3 53 23
blight 0.0226 -4 369 29 422
blight 0.0224 100 2 205 27
blight 0.0222 386 39 416 111
blight 0.0216 582 377 617 444
blight 0.0215 357 -20 398 33
blight 0.0214 188 93 296 173
blight 0.0212 38 1 138 28
blight 0.0204 199 567 269 593
blight 0.0204 508 418 564 449
blight 0.0202 426 87 479 138
blight 0.0202 388 71 419 123
blight 0.0201 561 0 632 22
blight 0.0200 364 107 455 142
blight 0.0199 220 568 331 597
blight 0.0194 15 131 108 173
blight 0.0194 556 568 639 596
blight 0.0192 570 558 625 606
blight 0.0191 -5 583 32 623
blight 0.0189 104 423 176 457
blight 0.0188 538 205 600 276
blight 0.0188 340 -17 385 37
blight 0.0187 498 5 599 66
blight 0.0182 555 587 632 614
blight 0.0176 324 10 370 77
blight 0.0174 170 76 242 130
blight 0.0174 201 582 229 616
blight 0.0174 427 370 499 399
blight 0.0174 431 67 485 110
blight 0.0170 434 512 471 565
blight 0.0164 198 564 231 601
blight 0.0163 402 28 442 90
blight 0.0162 569 481 602 557
blight 0.0159 366 71 407 104
blight 0.0159 -24 569 46 647
blight 0.0158 391 -15 426 35
blight 0.0158 569 -14 598 37
blight 0.0157 119 564 227 594
blight 0.0157 183 548 244 584
Anthrax 0.9999 92 145 355 404
Anthrax 0.9997 296 156 540 389
Anthrax 0.1670 419 2 495 40
Anthrax 0.0668 260 177 353 266
Anthrax 0.0521 64 425 142 474
Anthrax 0.0426 411 459 504 525
Anthrax 0.0421 394 589 506 655
Anthrax 0.0409 531 271 593 402
Anthrax 0.0404 384 279 527 372
Anthrax 0.0387 147 294 248 387
Anthrax 0.0378 199 286 231 350
Anthrax 0.0371 393 581 509 617
Anthrax 0.0365 310 467 381 503
Anthrax 0.0344 431 48 543 116
Anthrax 0.0335 284 183 340 239
Anthrax 0.0333 258 297 343 374
Anthrax 0.0316 216 569 328 598
Anthrax 0.0295 179 295 224 359
Anthrax 0.0281 318 290 425 378
Anthrax 0.0250 324 585 386 622
Anthrax 0.0246 449 3 529 25
Anthrax 0.0242 277 232 307 263
Anthrax 0.0236 263 324 322 382
Anthrax 0.0235 436 57 496 108
Anthrax 0.0227 280 311 370 384
Anthrax 0.0226 481 524 588 554
Anthrax 0.0225 507 4 598 26
Anthrax 0.0224 559 10 598 83
Anthrax 0.0222 -11 0 71 26
Anthrax 0.0218 278 212 314 243
Anthrax 0.0214 564 1 600 30
Anthrax 0.0207 333 -2 417 42
Anthrax 0.0204 303 217 352 290
Anthrax 0.0203 490 79 601 138
Anthrax 0.0203 561 0 632 22
Anthrax 0.0193 95 308 184 392
Anthrax 0.0192 451 -14 487 34
Anthrax 0.0186 435 -16 474 37
Anthrax 0.0184 109 197 160 230
