iouv 0.0644 465 -1 587 75
iouv 0.0208 509 397 601 490
iouv 0.0205 3 6 67 67
iouv 0.0190 549 254 611 359
iouv 0.0188 450 67 609 173
iouv 0.0178 180 332 269 444
iouv 0.0176 480 219 563 346
iouv 0.0155 280 0 389 30
iouv 0.0153 171 0 286 28
iouv 0.0151 257 -11 391 50
iouv 0.0147 567 42 598 139
iouv 0.0139 65 9 189 63
iouv 0.0135 209 395 264 451
iouv 0.0126 340 -13 383 40
iouv 0.0115 557 278 644 374
iouv 0.0115 561 282 598 366
iouv 0.0108 83 2 192 34
iouv 0.0105 554 254 599 306
iouv 0.0104 509 177 604 252
iouv 0.0103 535 241 599 329
blight 0.8661 348 176 403 221
blight 0.0972 326 154 405 230
blight 0.0694 366 175 441 221
blight 0.0568 348 161 458 233
blight 0.0548 359 185 417 229
blight 0.0267 0 490 41 581
blight 0.0249 -4 506 26 570
blight 0.0231 330 161 375 219
blight 0.0216 374 196 437 233
blight 0.0208 376 4 496 40
blight 0.0203 1 513 60 554
blight 0.0183 405 173 472 221
blight 0.0181 371 180 472 256
blight 0.0178 -16 587 46 611
blight 0.0165 396 -1 515 21
blight 0.0144 358 17 454 54
blight 0.0142 396 194 455 240
blight 0.0138 415 274 484 360
blight 0.0136 -36 567 46 649
blight 0.0133 7 504 79 542
blight 0.0131 565 -4 632 23
blight 0.0130 -7 404 41 508
blight 0.0129 439 146 517 188
blight 0.0129 0 454 21 567
blight 0.0123 420 157 481 208
blight 0.0123 582 -22 617 37
blight 0.0115 439 197 484 245
blight 0.0115 287 134 388 227
blight 0.0114 442 180 469 226
blight 0.0112 -13 146 48 220
blight 0.0112 428 197 454 242
blight 0.0111 558 587 631 615
blight 0.0111 -3 156 34 209
blight 0.0109 474 166 547 199
blight 0.0109 439 274 476 344
blight 0.0105 -17 520 40 603
blight 0.0105 473 177 497 228
blight 0.0103 0 126 22 210
blight 0.0102 381 135 484 220
blight 0.0101 406 -14 514 37
Anthrax 0.9982 250 200 560 607
Anthrax 0.9902 76 189 296 450
Anthrax 0.0825 177 329 272 441
Anthrax 0.0757 402 371 451 425
Anthrax 0.0592 85 174 188 210
Anthrax 0.0438 356 488 472 595
Anthrax 0.0399 80 0 199 45
Anthrax 0.0363 120 347 212 425
Anthrax 0.0347 439 274 476 344
Anthrax 0.0344 271 2 392 46
Anthrax 0.0260 -5 208 24 327
Anthrax 0.0250 146 5 230 36
Anthrax 0.0237 336 327 386 358
Anthrax 0.0235 355 3 471 44
Anthrax 0.0233 164 166 231 202
Anthrax 0.0231 504 383 559 429
Anthrax 0.0219 101 0 170 34
Anthrax 0.0217 310 448 422 557
Anthrax 0.0216 171 0 286 28
Anthrax 0.0215 214 350 247 382
Anthrax 0.0212 384 0 511 22
Anthrax 0.0209 425 0 492 31
Anthrax 0.0208 322 6 410 48
Anthrax 0.0206 2 202 41 314
Anthrax 0.0204 0 398 26 497
Anthrax 0.0202 561 241 607 426
Anthrax 0.0200 182 152 242 185
Anthrax 0.0192 209 336 259 391
Anthrax 0.0191 559 261 602 295
Anthrax 0.0190 403 270 478 363
Anthrax 0.0190 72 162 210 223
Anthrax 0.0182 310 426 365 465
Anthrax 0.0180 -3 5 69 60
Anthrax 0.0179 561 381 612 574
Anthrax 0.0174 211 360 250 396
Anthrax 0.0174 385 377 440 438
Anthrax 0.0174 122 290 222 383
Anthrax 0.0170 466 0 594 84
Anthrax 0.0170 -6 188 18 281
Anthrax 0.0166 538 281 706 565
