iouv 0.0142 173 318 227 404
iouv 0.0141 490 -3 611 76
iouv 0.0139 0 340 55 410
iouv 0.0130 299 405 405 501
iouv 0.0123 -6 333 84 430
iouv 0.0103 275 364 388 464
blight 0.0372 558 257 589 331
blight 0.0345 576 402 612 475
blight 0.0306 569 393 643 490
blight 0.0195 575 253 622 318
blight 0.0170 54 396 140 448
blight 0.0163 -21 350 42 445
blight 0.0162 489 0 521 28
blight 0.0158 510 143 572 189
blight 0.0155 37 409 127 468
blight 0.0155 56 279 90 345
blight 0.0155 -5 361 31 421
blight 0.0154 146 200 189 264
blight 0.0153 75 382 159 434
blight 0.0147 319 475 378 525
blight 0.0143 573 -7 627 38
blight 0.0143 571 235 595 324
blight 0.0141 565 291 628 333
blight 0.0138 70 273 106 349
blight 0.0137 486 0 548 20
blight 0.0135 529 258 582 310
blight 0.0135 558 388 605 488
blight 0.0133 550 0 642 27
blight 0.0130 96 399 168 441
blight 0.0128 568 269 650 352
blight 0.0127 526 254 599 345
blight 0.0124 560 307 631 347
blight 0.0124 24 303 112 345
blight 0.0123 150 161 228 270
blight 0.0119 258 317 342 381
blight 0.0115 -1 289 93 331
blight 0.0114 35 263 74 331
blight 0.0108 72 416 152 460
blight 0.0105 283 451 372 534
blight 0.0104 572 433 630 472
blight 0.0104 474 -2 512 26
blight 0.0101 551 9 642 45
Anthrax 0.9996 58 0 236 325
Anthrax 0.9990 226 0 544 315
Anthrax 0.9989 277 305 579 464
Anthrax 0.7241 270 319 338 355
Anthrax 0.0966 454 294 585 401
Anthrax 0.0818 335 246 388 290
Anthrax 0.0732 255 186 597 425
Anthrax 0.0565 61 163 143 284
Anthrax 0.0553 332 239 417 308
Anthrax 0.0510 277 330 341 372
Anthrax 0.0395 343 6 445 44
Anthrax 0.0371 79 187 130 268
Anthrax 0.0347 69 103 112 200
Anthrax 0.0331 449 503 543 588
Anthrax 0.0320 495 292 565 332
Anthrax 0.0304 57 167 88 269
Anthrax 0.0293 489 0 521 28
Anthrax 0.0284 82 96 123 182
Anthrax 0.0271 486 0 548 20
Anthrax 0.0266 76 81 143 213
Anthrax 0.0254 151 146 237 256
Anthrax 0.0253 60 106 89 207
Anthrax 0.0240 138 95 224 219
Anthrax 0.0233 456 298 548 327
Anthrax 0.0228 -20 12 91 322
Anthrax 0.0225 334 -2 383 33
Anthrax 0.0222 301 460 552 606
