iouv 0.0163 378 434 458 550
iouv 0.0109 -14 -5 49 18
blight 0.0330 348 99 370 179
blight 0.0329 3 556 80 598
blight 0.0322 58 561 154 591
blight 0.0320 62 544 142 581
blight 0.0293 -17 587 37 613
blight 0.0285 195 2 227 102
blight 0.0270 445 355 470 474
blight 0.0262 -2 73 22 202
blight 0.0256 -14 -5 49 18
blight 0.0228 8 295 42 433
blight 0.0220 -26 566 44 650
blight 0.0201 584 573 617 635
blight 0.0199 65 512 110 599
blight 0.0194 0 129 20 228
blight 0.0191 97 567 173 593
blight 0.0189 276 -15 314 42
blight 0.0188 50 520 95 595
blight 0.0188 218 35 240 142
blight 0.0186 190 -13 221 48
blight 0.0179 -11 564 42 596
blight 0.0173 357 162 386 272
blight 0.0170 5 587 64 611
blight 0.0165 9 437 42 550
blight 0.0163 17 306 58 417
blight 0.0163 291 0 334 35
blight 0.0162 266 0 325 26
blight 0.0162 1 165 22 275
blight 0.0159 -2 577 22 632
blight 0.0157 -4 -24 21 38
blight 0.0156 98 528 135 603
blight 0.0155 557 -4 636 21
blight 0.0155 342 80 376 159
blight 0.0154 -11 455 31 492
blight 0.0152 47 491 79 565
blight 0.0151 44 533 77 590
blight 0.0148 179 2 222 65
blight 0.0146 499 435 538 476
blight 0.0146 201 38 226 138
blight 0.0145 177 248 212 307
blight 0.0145 102 -6 168 19
blight 0.0144 564 584 636 618
blight 0.0144 45 574 70 611
blight 0.0143 186 -1 240 17
blight 0.0143 258 -13 335 105
blight 0.0141 -1 7 20 124
blight 0.0138 330 82 357 181
blight 0.0138 250 524 283 602
blight 0.0138 -19 -21 49 45
blight 0.0138 22 539 104 587
blight 0.0137 -12 150 25 182
blight 0.0137 -4 462 33 524
blight 0.0136 443 539 473 602
blight 0.0134 107 578 136 620
blight 0.0134 450 438 492 534
blight 0.0133 -1 417 26 545
blight 0.0132 495 449 539 491
blight 0.0130 509 397 545 471
blight 0.0129 34 584 76 619
blight 0.0128 409 564 469 593
blight 0.0126 -10 72 37 175
blight 0.0126 3 -2 72 20
blight 0.0125 260 507 293 583
blight 0.0123 35 472 62 549
blight 0.0123 521 0 605 24
blight 0.0123 60 536 113 575
blight 0.0122 246 564 310 589
blight 0.0122 281 -5 336 60
blight 0.0120 357 88 387 188
blight 0.0120 81 587 149 610
blight 0.0119 80 390 163 505
blight 0.0118 444 416 468 488
blight 0.0118 101 549 163 588
blight 0.0117 251 570 282 624
blight 0.0116 453 562 519 591
blight 0.0115 453 340 481 438
blight 0.0113 -10 136 25 170
blight 0.0113 42 588 97 610
blight 0.0112 463 420 512 510
blight 0.0111 453 119 489 198
blight 0.0110 561 572 649 661
blight 0.0110 7 341 35 472
blight 0.0110 120 576 153 625
blight 0.0109 201 223 227 310
blight 0.0109 28 297 69 327
blight 0.0108 27 281 71 312
blight 0.0108 432 562 484 590
blight 0.0108 100 22 137 98
blight 0.0108 -12 7 36 40
blight 0.0108 347 152 370 251
blight 0.0106 507 444 598 497
blight 0.0106 455 536 485 600
blight 0.0105 -10 439 28 473
blight 0.0105 -17 116 31 214
blight 0.0105 419 524 464 610
blight 0.0105 425 576 458 628
blight 0.0105 26 569 54 612
blight 0.0104 119 527 153 603
blight 0.0104 457 565 487 623
Anthrax 0.9916 64 6 224 453
Anthrax 0.9895 357 -3 530 504
Anthrax 0.9661 202 14 372 499
Anthrax 0.0503 474 158 521 216
Anthrax 0.0464 370 -3 456 125
Anthrax 0.0412 540 230 585 478
Anthrax 0.0379 480 48 521 149
Anthrax 0.0376 86 103 123 215
Anthrax 0.0367 357 162 386 272
Anthrax 0.0361 517 385 546 464
Anthrax 0.0340 548 336 585 458
Anthrax 0.0321 394 159 431 213
Anthrax 0.0319 531 289 562 399
Anthrax 0.0318 73 207 107 306
Anthrax 0.0305 499 74 586 467
Anthrax 0.0299 236 10 267 105
Anthrax 0.0280 129 474 170 581
Anthrax 0.0274 525 306 549 382
Anthrax 0.0272 33 -6 115 25
Anthrax 0.0269 395 6 455 55
Anthrax 0.0267 458 322 487 407
Anthrax 0.0252 479 156 521 187
Anthrax 0.0245 -7 -8 31 26
Anthrax 0.0245 467 136 510 195
Anthrax 0.0243 203 110 222 199
Anthrax 0.0232 33 0 84 35
Anthrax 0.0224 103 40 137 144
Anthrax 0.0222 88 158 120 259
Anthrax 0.0222 564 245 597 472
Anthrax 0.0218 186 221 212 306
Anthrax 0.0218 533 365 566 464
Anthrax 0.0216 465 172 509 234
Anthrax 0.0215 6 2 71 48
Anthrax 0.0214 387 -3 430 86
Anthrax 0.0214 99 121 136 223
Anthrax 0.0209 55 327 88 429
Anthrax 0.0203 114 11 150 114
Anthrax 0.0199 92 74 127 180
Anthrax 0.0196 523 352 591 480
Anthrax 0.0195 470 126 540 214
Anthrax 0.0193 -90 -11 83 44
Anthrax 0.0189 532 229 564 351
Anthrax 0.0187 81 188 118 292
Anthrax 0.0186 482 111 519 172
Anthrax 0.0186 214 180 244 261
Anthrax 0.0185 498 163 537 233
Anthrax 0.0184 257 -1 312 66
Anthrax 0.0182 -1 11 47 223
Anthrax 0.0181 509 61 660 520
Anthrax 0.0181 -18 45 68 431
Anthrax 0.0179 335 384 373 457
Anthrax 0.0179 348 193 375 267
