iouv 0.0187 521 510 606 605
iouv 0.0132 547 506 652 606
iouv 0.0127 118 338 198 381
iouv 0.0109 546 510 588 587
blight 0.0658 506 376 603 414
blight 0.0407 100 4 213 51
blight 0.0323 -2 497 28 545
blight 0.0302 537 388 612 419
blight 0.0285 -2 461 27 515
blight 0.0262 -3 464 15 545
blight 0.0236 -5 -3 25 30
blight 0.0231 133 14 202 60
blight 0.0222 2 474 55 529
blight 0.0220 -3 431 25 489
blight 0.0218 3 531 51 576
blight 0.0216 -16 -22 44 44
blight 0.0213 -1 508 16 571
blight 0.0211 0 6 28 51
blight 0.0204 532 373 572 425
blight 0.0202 3 516 50 559
blight 0.0200 1 566 95 594
blight 0.0195 561 379 635 407
blight 0.0195 4 0 104 78
blight 0.0187 576 383 631 434
blight 0.0186 531 124 594 180
blight 0.0183 552 354 600 407
blight 0.0181 -9 538 30 565
blight 0.0173 311 533 375 572
blight 0.0171 -6 522 34 550
blight 0.0165 2 11 36 72
blight 0.0162 -8 486 32 515
blight 0.0158 575 351 631 407
blight 0.0154 521 375 555 420
blight 0.0153 81 3 166 42
blight 0.0151 -15 446 37 522
blight 0.0145 586 -24 614 42
blight 0.0144 -1 13 18 75
blight 0.0144 313 539 346 578
blight 0.0143 562 422 631 448
blight 0.0142 308 546 377 590
blight 0.0137 499 364 536 408
blight 0.0134 543 421 605 450
blight 0.0133 346 -2 431 25
blight 0.0133 -30 569 50 649
blight 0.0131 566 440 624 465
blight 0.0131 553 579 633 618
blight 0.0131 61 9 120 48
blight 0.0131 575 157 625 183
blight 0.0129 6 -11 36 35
blight 0.0127 588 190 613 242
blight 0.0126 4 549 67 586
blight 0.0125 122 4 180 39
blight 0.0124 44 -11 139 42
blight 0.0121 -14 502 39 569
blight 0.0120 -18 415 33 497
blight 0.0119 583 176 627 226
blight 0.0119 588 165 613 215
blight 0.0118 547 560 651 653
blight 0.0118 574 171 624 197
blight 0.0118 582 146 627 198
blight 0.0118 -1 544 33 593
blight 0.0117 -4 77 17 168
blight 0.0115 10 4 71 52
blight 0.0112 112 3 218 27
blight 0.0111 584 208 628 257
blight 0.0111 555 156 594 184
blight 0.0108 -3 351 18 439
blight 0.0108 -2 64 32 120
blight 0.0108 -9 17 50 97
blight 0.0108 297 540 329 582
blight 0.0107 311 568 402 593
blight 0.0107 -8 583 33 628
blight 0.0107 564 346 633 380
blight 0.0106 -1 350 32 402
blight 0.0106 564 -2 632 23
blight 0.0105 314 -19 346 30
Anthrax 0.9860 124 319 507 464
Anthrax 0.1195 -3 322 103 366
Anthrax 0.0508 494 307 554 342
Anthrax 0.0489 81 3 166 42
Anthrax 0.0473 121 338 214 381
Anthrax 0.0447 13 323 64 377
Anthrax 0.0428 258 204 319 259
Anthrax 0.0374 58 0 145 24
Anthrax 0.0364 452 234 502 277
Anthrax 0.0339 100 4 213 51
Anthrax 0.0313 325 309 429 378
Anthrax 0.0290 47 2 124 37
Anthrax 0.0281 5 312 48 366
Anthrax 0.0269 280 77 339 103
Anthrax 0.0268 349 379 433 418
Anthrax 0.0263 406 460 465 484
Anthrax 0.0263 107 18 182 57
Anthrax 0.0261 100 198 168 240
Anthrax 0.0260 424 96 481 119
Anthrax 0.0257 8 3 107 44
Anthrax 0.0243 11 454 102 493
Anthrax 0.0237 447 108 499 132
Anthrax 0.0226 13 469 100 509
Anthrax 0.0219 174 12 274 43
Anthrax 0.0212 376 91 431 116
Anthrax 0.0208 0 300 20 372
Anthrax 0.0199 74 18 131 52
Anthrax 0.0194 564 520 610 705
Anthrax 0.0189 378 482 480 524
Anthrax 0.0189 424 330 505 385
Anthrax 0.0182 15 84 85 121
Anthrax 0.0180 274 455 334 481
Anthrax 0.0176 110 344 170 395
Anthrax 0.0175 173 330 298 390
Anthrax 0.0172 311 533 375 572
Anthrax 0.0171 454 97 513 119
Anthrax 0.0171 134 18 223 57
Anthrax 0.0170 231 64 286 88
Anthrax 0.0169 286 322 367 364
Anthrax 0.0164 353 484 440 521
Anthrax 0.0163 304 313 401 357
Anthrax 0.0162 529 528 582 704
Anthrax 0.0161 214 14 300 43
Anthrax 0.0157 345 472 472 540
Anthrax 0.0156 353 321 396 382
Anthrax 0.0155 176 256 225 278
Anthrax 0.0155 -5 -3 25 30
Anthrax 0.0154 0 2 79 26
Anthrax 0.0152 262 15 351 45
Anthrax 0.0150 233 498 285 542
Anthrax 0.0150 22 -4 205 45
Anthrax 0.0149 340 92 392 117
