iouv 0.0265 456 159 570 317
iouv 0.0137 -20 588 38 615
iouv 0.0121 268 217 357 335
blight 0.0258 -32 564 44 644
blight 0.0223 560 422 626 461
blight 0.0221 -10 580 33 627
blight 0.0154 568 439 628 469
blight 0.0131 304 351 346 446
blight 0.0128 535 415 612 456
blight 0.0127 -5 -9 24 23
blight 0.0119 582 397 615 457
blight 0.0118 -14 -5 37 15
blight 0.0118 331 372 366 407
blight 0.0113 324 334 354 421
blight 0.0109 321 495 358 594
blight 0.0108 -11 566 38 595
blight 0.0103 5 567 42 618
blight 0.0102 587 580 618 636
Anthrax 0.9994 59 158 215 376
Anthrax 0.9956 423 162 574 386
Anthrax 0.9886 250 208 371 414
Anthrax 0.1044 252 284 332 410
Anthrax 0.0726 527 271 569 359
Anthrax 0.0717 446 235 512 279
Anthrax 0.0656 495 255 567 362
Anthrax 0.0635 280 217 368 329
Anthrax 0.0456 71 177 160 307
Anthrax 0.0408 126 263 229 386
Anthrax 0.0372 432 219 520 296
Anthrax 0.0333 517 271 559 330
Anthrax 0.0331 251 303 305 384
Anthrax 0.0275 412 264 537 374
Anthrax 0.0270 289 227 360 276
Anthrax 0.0221 419 595 484 617
Anthrax 0.0220 178 217 217 299
Anthrax 0.0200 138 191 217 300
Anthrax 0.0197 555 182 603 372
Anthrax 0.0190 161 205 207 265
Anthrax 0.0183 571 516 616 717
Anthrax 0.0180 266 295 325 368
Anthrax 0.0176 450 593 518 616
