iouv 0.0248 107 222 591 583
iouv 0.0218 -16 -7 96 96
iouv 0.0135 10 -6 102 56
iouv 0.0127 468 583 577 612
iouv 0.0120 -21 -25 56 50
iouv 0.0116 154 43 236 136
iouv 0.0110 18 0 109 27
iouv 0.0106 -2 327 23 425
iouv 0.0106 325 586 418 612
iouv 0.0105 -4 28 50 126
blight 0.0222 266 457 373 554
blight 0.0185 230 558 326 591
blight 0.0172 -19 586 39 612
blight 0.0172 7 560 106 590
blight 0.0168 -31 570 46 652
blight 0.0167 196 4 299 49
blight 0.0151 560 -4 640 21
blight 0.0148 74 333 104 420
blight 0.0140 574 447 627 504
blight 0.0137 258 562 362 597
blight 0.0135 -5 537 99 596
blight 0.0126 311 -25 347 32
blight 0.0126 -9 16 59 102
blight 0.0125 362 310 417 354
blight 0.0120 325 586 418 612
blight 0.0117 327 -24 363 31
blight 0.0117 578 -11 632 37
blight 0.0117 284 457 337 540
blight 0.0115 331 563 419 595
blight 0.0115 296 -25 332 31
blight 0.0114 9 584 94 612
blight 0.0113 -3 28 38 88
blight 0.0112 273 561 561 611
blight 0.0111 584 574 620 636
blight 0.0108 46 -3 142 21
blight 0.0108 -1 573 110 652
blight 0.0107 212 -4 306 23
blight 0.0106 267 542 348 590
blight 0.0105 87 369 121 460
blight 0.0105 578 41 631 102
blight 0.0105 -21 -25 56 50
blight 0.0103 234 586 324 611
blight 0.0101 1 384 70 418
blight 0.0101 409 536 456 701
blight 0.0101 58 353 87 431
blight 0.0100 282 -23 315 30
blight 0.0100 -6 565 74 596
blight 0.0100 344 -23 378 31
Anthrax 0.9890 119 238 588 597
Anthrax 0.8535 337 128 425 190
Anthrax 0.0818 214 425 272 479
Anthrax 0.0816 362 308 424 358
Anthrax 0.0510 291 378 370 458
Anthrax 0.0403 341 139 402 177
Anthrax 0.0377 410 526 475 579
Anthrax 0.0331 359 305 468 396
Anthrax 0.0251 360 113 416 175
Anthrax 0.0244 384 77 444 137
Anthrax 0.0234 266 331 332 395
Anthrax 0.0224 -24 -6 46 21
Anthrax 0.0206 311 382 357 439
Anthrax 0.0180 464 383 565 494
Anthrax 0.0179 390 505 503 578
Anthrax 0.0169 209 422 304 508
Anthrax 0.0157 480 432 543 477
Anthrax 0.0157 353 71 444 163
Anthrax 0.0156 -2 -1 97 27
Anthrax 0.0155 -4 523 34 724
Anthrax 0.0154 276 326 325 372
Anthrax 0.0153 197 59 268 110
