iouv 0.0469 445 -3 562 100
iouv 0.0366 19 -8 331 570
iouv 0.0346 132 -20 232 147
iouv 0.0169 0 144 79 283
iouv 0.0146 218 269 324 393
iouv 0.0120 536 146 568 226
iouv 0.0117 550 145 575 216
iouv 0.0109 219 344 322 455
iouv 0.0107 118 14 200 176
iouv 0.0106 563 272 593 327
blight 0.0717 511 439 562 525
blight 0.0605 320 -1 367 58
blight 0.0586 524 393 571 486
blight 0.0466 75 429 112 502
blight 0.0402 119 566 195 590
blight 0.0384 485 402 569 525
blight 0.0346 1 229 50 322
blight 0.0339 556 586 630 620
blight 0.0329 478 356 528 389
blight 0.0329 18 12 90 71
blight 0.0324 329 7 359 95
blight 0.0282 -2 247 29 304
blight 0.0269 523 278 594 341
blight 0.0254 -3 3 62 65
blight 0.0247 499 459 554 508
blight 0.0232 1 -1 37 45
blight 0.0225 146 574 197 593
blight 0.0218 519 465 566 563
blight 0.0217 579 579 621 637
blight 0.0216 521 582 593 610
blight 0.0216 534 507 587 594
blight 0.0212 -11 -25 49 43
blight 0.0205 50 16 94 65
blight 0.0195 90 565 162 588
blight 0.0191 131 588 196 606
blight 0.0183 54 549 131 585
blight 0.0181 -26 563 51 647
blight 0.0181 317 35 352 126
blight 0.0181 -13 -3 49 23
blight 0.0174 342 -14 372 47
blight 0.0171 199 -18 232 45
blight 0.0170 296 2 355 53
blight 0.0170 86 449 118 550
blight 0.0170 557 573 645 657
blight 0.0167 0 25 36 79
blight 0.0167 542 382 580 468
blight 0.0166 522 434 573 475
blight 0.0166 160 136 219 191
blight 0.0166 0 201 44 288
blight 0.0165 178 112 226 164
blight 0.0161 475 444 556 494
blight 0.0153 495 310 577 409
blight 0.0145 60 381 137 490
blight 0.0144 489 292 524 379
blight 0.0144 573 544 628 598
blight 0.0144 188 -20 220 39
blight 0.0143 571 277 621 334
blight 0.0141 88 553 195 587
blight 0.0140 425 -23 463 30
blight 0.0140 -1 570 82 651
blight 0.0136 151 157 216 207
blight 0.0135 94 419 168 465
blight 0.0133 519 454 564 486
blight 0.0132 0 3 23 70
blight 0.0131 -6 245 20 278
blight 0.0129 97 496 136 581
blight 0.0128 0 582 77 614
blight 0.0128 304 -1 352 32
blight 0.0126 107 590 163 608
blight 0.0124 563 -2 634 21
blight 0.0124 6 261 51 358
blight 0.0124 588 -23 615 40
Anthrax 0.9865 320 -9 585 500
Anthrax 0.9605 16 -5 353 569
Anthrax 0.0545 253 220 304 277
Anthrax 0.0520 329 211 413 312
Anthrax 0.0489 186 291 245 331
Anthrax 0.0477 517 82 554 126
Anthrax 0.0464 -13 -3 49 23
Anthrax 0.0448 164 397 215 447
Anthrax 0.0438 542 130 570 205
Anthrax 0.0391 494 196 550 256
Anthrax 0.0389 0 416 68 488
Anthrax 0.0371 536 87 566 169
Anthrax 0.0369 246 236 290 273
Anthrax 0.0333 157 381 250 470
Anthrax 0.0329 552 122 575 193
Anthrax 0.0325 530 155 567 240
Anthrax 0.0324 140 245 205 296
Anthrax 0.0323 230 215 306 302
Anthrax 0.0314 85 136 144 193
Anthrax 0.0310 2 -14 49 41
Anthrax 0.0300 56 255 118 382
Anthrax 0.0290 560 283 593 349
Anthrax 0.0279 447 103 596 497
Anthrax 0.0272 129 497 262 583
Anthrax 0.0265 521 277 587 346
Anthrax 0.0260 336 233 394 293
Anthrax 0.0259 16 346 99 459
Anthrax 0.0247 528 90 557 118
Anthrax 0.0247 216 425 329 514
Anthrax 0.0245 430 364 486 419
Anthrax 0.0236 54 6 142 41
Anthrax 0.0235 230 455 305 491
Anthrax 0.0232 134 231 228 314
Anthrax 0.0231 15 404 106 495
Anthrax 0.0229 146 487 205 522
Anthrax 0.0224 523 49 556 110
Anthrax 0.0217 224 4 353 45
Anthrax 0.0212 193 266 297 354
Anthrax 0.0209 16 253 98 383
Anthrax 0.0207 237 411 297 458
Anthrax 0.0203 546 368 588 448
Anthrax 0.0203 578 285 610 358
Anthrax 0.0201 -10 0 76 41
Anthrax 0.0194 -2 408 26 496
Anthrax 0.0193 527 269 597 468
