iouv 0.0133 490 63 586 165
iouv 0.0131 226 291 326 408
blight 0.0416 448 470 516 558
blight 0.0400 7 0 78 62
blight 0.0347 -4 32 30 90
blight 0.0331 0 19 51 87
blight 0.0329 453 509 486 579
blight 0.0282 195 392 242 444
blight 0.0278 23 521 61 570
blight 0.0271 582 -8 625 34
blight 0.0268 120 155 153 209
blight 0.0265 82 423 132 483
blight 0.0244 378 266 477 349
blight 0.0244 39 508 73 561
blight 0.0241 -15 34 38 115
blight 0.0239 98 405 146 475
blight 0.0231 -6 -5 28 31
blight 0.0229 381 9 435 70
blight 0.0226 136 156 169 210
blight 0.0218 312 559 394 594
blight 0.0213 88 294 119 355
blight 0.0210 5 437 43 516
blight 0.0205 -3 37 21 144
blight 0.0199 69 277 104 339
blight 0.0196 490 566 585 592
blight 0.0194 -3 202 31 264
blight 0.0193 -1 0 22 73
blight 0.0189 2 510 52 567
blight 0.0189 32 -4 97 51
blight 0.0188 103 154 134 209
blight 0.0185 105 294 134 359
blight 0.0184 21 488 58 550
blight 0.0183 1 517 97 587
blight 0.0183 -3 462 30 521
blight 0.0180 128 283 176 330
blight 0.0172 19 439 59 511
blight 0.0171 37 456 74 531
blight 0.0163 53 261 89 323
blight 0.0160 479 479 520 567
blight 0.0158 -7 381 30 439
blight 0.0157 0 417 23 505
blight 0.0156 -4 496 27 549
blight 0.0155 403 19 439 97
blight 0.0154 6 486 42 550
blight 0.0152 21 -15 58 37
blight 0.0150 100 267 177 346
blight 0.0149 93 313 144 369
blight 0.0148 125 566 215 598
blight 0.0147 390 25 425 94
blight 0.0147 231 487 267 545
blight 0.0146 151 157 186 213
blight 0.0144 282 -19 311 21
blight 0.0144 400 138 473 192
blight 0.0141 239 267 294 336
blight 0.0140 317 128 373 180
blight 0.0140 167 522 198 578
blight 0.0139 71 -23 100 27
blight 0.0139 328 324 414 424
blight 0.0139 132 180 171 244
blight 0.0139 99 434 141 499
blight 0.0139 466 510 507 579
blight 0.0138 91 566 177 597
blight 0.0138 9 -14 43 41
blight 0.0138 6 564 89 596
blight 0.0138 248 488 283 544
blight 0.0136 232 280 273 358
blight 0.0136 56 491 87 556
blight 0.0134 -2 347 33 410
blight 0.0134 38 -13 73 39
blight 0.0134 472 572 542 593
Anthrax 0.9998 219 258 354 423
Anthrax 0.0324 213 332 307 426
Anthrax 0.0242 482 521 551 576
Anthrax 0.0189 88 240 143 283
Anthrax 0.0184 231 262 312 381
Anthrax 0.0181 268 291 361 394
Anthrax 0.0178 315 137 379 174
Anthrax 0.0163 225 299 280 415
Anthrax 0.0157 285 -3 370 20
Anthrax 0.0153 330 122 393 159
Anthrax 0.0151 234 265 273 341
Anthrax 0.0147 276 5 365 44
Anthrax 0.0143 570 519 615 713
Anthrax 0.0132 497 411 606 524
Anthrax 0.0130 564 -2 631 23
Anthrax 0.0130 283 137 342 173
Anthrax 0.0127 -3 578 21 635
Anthrax 0.0127 321 270 355 354
Anthrax 0.0126 101 231 179 317
Anthrax 0.0123 569 -86 624 79
Anthrax 0.0122 250 248 288 317
Anthrax 0.0121 121 242 175 286
Anthrax 0.0120 319 105 392 140
Anthrax 0.0118 0 519 22 591
Anthrax 0.0116 104 255 154 303
Anthrax 0.0116 -1 223 41 440
Anthrax 0.0114 0 285 22 383
Anthrax 0.0114 0 433 22 525
Anthrax 0.0110 286 34 358 74
Anthrax 0.0109 478 513 534 558
Anthrax 0.0108 495 -3 588 21
Anthrax 0.0107 384 533 445 572
Anthrax 0.0105 269 17 349 56
Anthrax 0.0104 296 122 360 155
Anthrax 0.0102 40 -2 123 24
Anthrax 0.0102 7 520 47 575
Anthrax 0.0102 439 -2 539 22
Anthrax 0.0102 -15 586 46 612
Anthrax 0.0102 214 275 261 333
Anthrax 0.0101 -5 -80 44 79
Anthrax 0.0101 153 359 189 433
Anthrax 0.0101 327 89 402 123
Anthrax 0.0100 338 133 401 173
Anthrax 0.0100 -17 -2 43 23
Anthrax 0.0100 447 1 552 42
