iouv 0.0330 169 103 257 136
iouv 0.0263 157 86 268 152
iouv 0.0189 5 92 98 186
iouv 0.0157 0 265 46 342
iouv 0.0138 -2 265 91 350
iouv 0.0115 46 -33 554 181
iouv 0.0113 279 471 387 509
iouv 0.0110 81 585 180 609
iouv 0.0104 -1 589 78 613
iouv 0.0104 -2 269 21 347
blight 0.0588 304 537 375 597
blight 0.0338 151 563 228 593
blight 0.0314 -2 259 21 338
blight 0.0239 271 562 387 595
blight 0.0214 540 471 596 545
blight 0.0205 -16 -3 34 18
blight 0.0189 563 85 595 153
blight 0.0184 -1 468 15 549
blight 0.0183 -1 495 28 546
blight 0.0181 568 155 594 235
blight 0.0180 -2 212 17 289
blight 0.0178 -6 584 36 624
blight 0.0178 0 256 43 331
blight 0.0175 568 -4 634 22
blight 0.0174 167 581 203 618
blight 0.0173 2 489 53 541
blight 0.0170 -1 111 23 200
blight 0.0168 0 410 54 459
blight 0.0163 8 11 378 203
blight 0.0162 135 558 203 601
blight 0.0160 528 459 577 531
blight 0.0159 -1 506 14 568
blight 0.0157 -4 -18 22 42
blight 0.0153 15 172 61 221
blight 0.0152 5 199 40 257
blight 0.0149 289 579 379 653
blight 0.0148 76 566 197 597
blight 0.0148 575 91 624 148
blight 0.0145 582 109 614 169
blight 0.0144 -25 -24 46 52
blight 0.0143 328 576 364 620
blight 0.0141 567 110 598 199
blight 0.0140 -12 442 40 466
blight 0.0139 118 583 155 623
blight 0.0136 154 419 188 472
blight 0.0135 -30 571 54 647
blight 0.0133 303 584 373 608
blight 0.0133 60 245 90 289
blight 0.0133 586 582 617 633
blight 0.0133 4 156 61 205
blight 0.0133 182 581 216 617
blight 0.0131 -5 536 47 563
blight 0.0130 5 475 37 529
blight 0.0130 96 586 191 609
blight 0.0129 580 74 612 137
blight 0.0128 471 549 534 587
blight 0.0128 132 582 169 621
blight 0.0127 17 258 62 310
blight 0.0126 573 60 624 114
blight 0.0125 41 247 77 290
blight 0.0125 379 222 406 250
blight 0.0124 -3 179 16 257
blight 0.0123 -8 127 48 205
blight 0.0122 547 173 587 254
blight 0.0122 -8 523 33 548
blight 0.0121 378 232 407 267
blight 0.0121 586 -24 615 41
blight 0.0120 72 475 102 515
blight 0.0120 562 185 593 272
blight 0.0120 393 235 421 267
blight 0.0119 -3 13 23 91
blight 0.0119 -2 423 16 480
blight 0.0119 4 403 80 442
blight 0.0117 16 203 53 247
blight 0.0116 137 419 170 465
blight 0.0115 19 430 54 460
blight 0.0113 562 587 631 614
blight 0.0112 -5 449 27 491
blight 0.0111 -1 8 31 59
blight 0.0110 151 583 188 621
blight 0.0110 583 266 616 325
blight 0.0110 516 452 557 507
blight 0.0109 -5 486 82 527
blight 0.0108 582 199 613 265
blight 0.0108 20 417 57 450
blight 0.0106 3 240 41 299
blight 0.0106 -13 537 116 570
blight 0.0106 -15 423 32 453
blight 0.0106 181 561 242 602
blight 0.0105 105 586 141 623
blight 0.0104 335 548 367 597
blight 0.0104 543 555 599 600
blight 0.0104 -4 466 25 511
blight 0.0103 -13 76 43 157
blight 0.0103 582 168 613 233
blight 0.0103 536 179 571 252
blight 0.0103 87 474 118 520
blight 0.0101 167 422 199 477
blight 0.0101 363 220 389 249
Anthrax 0.9991 164 452 542 596
Anthrax 0.9912 20 211 569 447
Anthrax 0.9002 -9 18 595 203
Anthrax 0.0620 15 4 117 91
Anthrax 0.0481 34 -1 120 54
Anthrax 0.0321 -2 259 26 313
Anthrax 0.0280 436 464 537 507
Anthrax 0.0195 535 32 569 130
Anthrax 0.0183 -16 -3 34 18
Anthrax 0.0181 -7 252 25 281
Anthrax 0.0179 471 9 570 108
Anthrax 0.0178 295 479 787 662
Anthrax 0.0176 391 -1 488 24
Anthrax 0.0171 232 496 547 722
Anthrax 0.0166 48 1 95 37
Anthrax 0.0166 4 252 42 317
Anthrax 0.0166 230 0 321 24
Anthrax 0.0161 520 471 556 562
Anthrax 0.0161 82 96 156 132
Anthrax 0.0160 12 170 231 238
Anthrax 0.0160 475 130 559 168
Anthrax 0.0151 376 237 456 264
Anthrax 0.0150 562 587 631 614
Anthrax 0.0149 451 121 563 202
Anthrax 0.0144 30 -6 80 34
Anthrax 0.0140 76 114 154 148
Anthrax 0.0136 433 19 538 98
Anthrax 0.0136 472 149 549 182
Anthrax 0.0133 59 -15 86 31
Anthrax 0.0130 378 3 505 46
Anthrax 0.0129 37 317 648 544
Anthrax 0.0129 447 455 562 532
Anthrax 0.0127 264 0 353 23
Anthrax 0.0125 189 481 287 531
Anthrax 0.0124 206 476 286 507
Anthrax 0.0124 465 460 513 495
Anthrax 0.0122 175 117 223 153
