iouv 0.0361 83 528 201 609
iouv 0.0270 169 81 256 124
iouv 0.0260 95 21 240 56
iouv 0.0257 225 234 454 515
iouv 0.0241 -2 539 101 577
iouv 0.0179 -6 324 122 395
iouv 0.0175 279 588 339 610
iouv 0.0161 209 533 296 572
iouv 0.0144 16 528 103 554
iouv 0.0116 231 563 336 653
iouv 0.0111 4 322 47 389
iouv 0.0109 37 590 95 606
blight 0.9073 147 238 206 313
blight 0.6662 289 113 339 172
blight 0.3425 34 47 70 97
blight 0.1930 22 38 60 92
blight 0.1888 277 123 333 197
blight 0.1879 299 92 351 154
blight 0.1127 45 56 81 113
blight 0.0948 10 27 77 98
blight 0.0913 439 2 509 42
blight 0.0906 154 358 181 450
blight 0.0820 318 78 366 131
blight 0.0709 7 18 48 79
blight 0.0638 277 139 322 180
blight 0.0620 162 306 231 401
blight 0.0608 20 59 73 109
blight 0.0549 186 104 221 209
blight 0.0548 185 215 236 288
blight 0.0532 284 97 316 165
blight 0.0517 123 354 185 459
blight 0.0508 138 365 168 457
blight 0.0502 335 58 377 110
blight 0.0464 45 78 91 129
blight 0.0459 227 152 294 239
blight 0.0452 555 -22 592 45
blight 0.0448 435 -2 505 24
blight 0.0445 152 209 230 305
blight 0.0440 253 151 312 213
blight 0.0431 -2 17 27 70
blight 0.0423 159 274 222 312
blight 0.0422 -3 237 16 326
blight 0.0417 138 256 217 348
blight 0.0416 387 7 456 41
blight 0.0411 37 2 67 81
blight 0.0395 322 39 363 109
blight 0.0392 168 -14 195 37
blight 0.0385 205 176 260 219
blight 0.0381 47 33 77 94
blight 0.0375 426 15 522 50
blight 0.0373 437 126 524 170
blight 0.0371 266 116 304 196
blight 0.0371 382 139 470 164
blight 0.0367 195 144 266 217
blight 0.0367 158 335 182 408
blight 0.0365 562 -4 642 25
blight 0.0363 208 209 252 258
Anthrax 0.9996 235 222 460 514
Anthrax 0.1436 -1 332 123 395
Anthrax 0.0711 239 340 287 388
Anthrax 0.0512 387 509 442 565
Anthrax 0.0429 169 81 256 124
Anthrax 0.0417 19 332 110 370
Anthrax 0.0358 243 234 350 339
Anthrax 0.0348 459 10 557 41
Anthrax 0.0342 114 317 160 361
Anthrax 0.0331 233 345 269 401
Anthrax 0.0317 495 333 544 371
Anthrax 0.0313 212 130 258 195
Anthrax 0.0300 94 325 150 358
Anthrax 0.0289 68 332 132 360
Anthrax 0.0279 45 522 119 545
Anthrax 0.0245 89 331 146 385
Anthrax 0.0240 231 148 313 240
Anthrax 0.0235 296 510 350 570
Anthrax 0.0221 437 273 536 316
Anthrax 0.0218 469 0 561 21
Anthrax 0.0212 87 170 162 257
Anthrax 0.0203 200 112 247 150
Anthrax 0.0201 416 178 452 259
Anthrax 0.0200 358 159 449 253
Anthrax 0.0191 270 209 381 319
Anthrax 0.0191 94 512 189 609
Anthrax 0.0189 75 339 162 416
Anthrax 0.0186 460 17 539 55
Anthrax 0.0182 7 227 119 293
Anthrax 0.0181 441 31 559 64
Anthrax 0.0179 233 326 309 407
Anthrax 0.0179 50 6 110 35
Anthrax 0.0179 51 110 128 201
Anthrax 0.0172 231 320 279 380
Anthrax 0.0169 333 387 428 470
Anthrax 0.0169 205 11 259 69
Anthrax 0.0160 305 192 410 307
Anthrax 0.0159 70 336 127 391
Anthrax 0.0159 495 259 586 293
Anthrax 0.0155 311 527 366 579
Anthrax 0.0152 196 -5 237 25
Anthrax 0.0146 127 309 169 340
Anthrax 0.0146 194 492 297 569
Anthrax 0.0144 332 213 440 320
Anthrax 0.0143 362 297 442 334
Anthrax 0.0142 181 87 229 136
Anthrax 0.0138 364 357 467 445
Anthrax 0.0137 96 21 238 54
Anthrax 0.0136 305 -2 381 24
