iouv 0.0169 38 -2 425 617
blight 0.0405 240 535 288 599
blight 0.0358 233 555 267 604
blight 0.0306 223 562 281 592
blight 0.0254 202 567 265 594
blight 0.0243 241 509 340 596
blight 0.0230 83 480 177 585
blight 0.0222 186 422 248 456
blight 0.0194 232 519 271 591
blight 0.0191 211 525 301 602
blight 0.0191 235 575 263 616
blight 0.0176 201 586 258 608
blight 0.0166 189 249 249 280
blight 0.0165 467 341 501 383
blight 0.0161 244 571 276 616
blight 0.0153 219 583 249 622
blight 0.0148 216 556 250 607
blight 0.0145 519 -22 550 24
blight 0.0137 166 229 229 278
blight 0.0129 214 358 251 478
blight 0.0128 205 433 285 463
blight 0.0128 405 -20 437 20
blight 0.0127 585 516 616 598
blight 0.0125 421 -20 453 20
blight 0.0123 562 588 639 618
blight 0.0122 561 -7 641 20
blight 0.0122 437 -20 469 21
blight 0.0120 586 121 615 198
blight 0.0119 469 -20 501 22
blight 0.0118 453 -20 485 22
blight 0.0118 389 -20 420 20
blight 0.0116 486 -20 517 22
blight 0.0116 -10 -9 23 27
blight 0.0115 589 442 615 518
blight 0.0114 585 246 615 328
blight 0.0114 232 55 264 161
blight 0.0114 218 538 297 576
blight 0.0114 203 517 235 588
blight 0.0113 582 577 619 637
blight 0.0112 178 548 253 591
blight 0.0109 586 310 616 392
blight 0.0107 538 -23 569 26
blight 0.0107 159 587 243 612
blight 0.0106 586 151 615 233
blight 0.0106 103 510 208 603
blight 0.0106 585 278 616 357
blight 0.0106 579 -13 630 35
blight 0.0106 376 443 433 520
blight 0.0106 575 537 633 605
blight 0.0105 588 473 615 552
blight 0.0104 196 404 237 476
blight 0.0104 247 265 303 311
blight 0.0103 202 587 233 628
blight 0.0103 586 200 615 283
blight 0.0103 235 -19 269 48
blight 0.0102 502 -19 532 23
blight 0.0102 71 -15 103 27
blight 0.0102 -16 -4 37 17
blight 0.0100 67 457 158 551
Anthrax 0.9906 48 1 445 592
Anthrax 0.0434 249 268 302 329
Anthrax 0.0415 264 302 311 346
Anthrax 0.0389 61 358 104 391
Anthrax 0.0345 303 194 355 230
Anthrax 0.0271 343 393 436 496
Anthrax 0.0233 251 155 290 194
Anthrax 0.0195 70 238 161 344
Anthrax 0.0192 84 279 134 316
Anthrax 0.0187 342 428 426 543
Anthrax 0.0182 235 -19 269 48
Anthrax 0.0179 460 344 494 376
Anthrax 0.0177 471 343 501 392
Anthrax 0.0168 248 163 276 188
Anthrax 0.0166 56 106 128 137
Anthrax 0.0161 306 94 395 208
Anthrax 0.0159 98 266 145 298
Anthrax 0.0152 260 14 297 103
Anthrax 0.0150 75 92 144 123
Anthrax 0.0147 -5 330 44 572
Anthrax 0.0134 370 437 433 519
Anthrax 0.0130 -13 -5 89 386
Anthrax 0.0130 65 134 157 237
Anthrax 0.0129 50 161 142 271
Anthrax 0.0126 -3 519 35 717
Anthrax 0.0125 428 592 502 615
Anthrax 0.0121 78 103 176 206
Anthrax 0.0120 125 559 214 601
Anthrax 0.0118 214 -8 259 32
Anthrax 0.0118 59 447 144 546
Anthrax 0.0114 276 62 308 123
Anthrax 0.0112 197 429 233 474
Anthrax 0.0112 459 592 535 616
Anthrax 0.0111 229 -5 272 84
Anthrax 0.0111 -14 214 87 616
Anthrax 0.0107 121 568 207 649
Anthrax 0.0107 278 45 367 159
Anthrax 0.0105 225 -7 295 130
Anthrax 0.0105 563 325 622 483
Anthrax 0.0105 69 221 99 299
Anthrax 0.0101 13 189 333 633
Anthrax 0.0101 85 129 123 209
Anthrax 0.0100 -20 466 34 508
Anthrax 0.0100 159 233 223 288
