iouv 0.0210 147 486 262 561
iouv 0.0112 378 522 471 599
iouv 0.0111 566 586 636 615
blight 0.0392 16 89 91 187
blight 0.0369 17 588 91 616
blight 0.0331 -4 560 91 598
blight 0.0234 208 193 251 249
blight 0.0202 16 -4 93 19
blight 0.0198 227 193 264 245
blight 0.0194 566 586 636 615
blight 0.0184 226 164 266 225
blight 0.0183 169 465 293 543
blight 0.0179 306 433 347 494
blight 0.0176 37 578 74 635
blight 0.0171 562 -6 640 19
blight 0.0158 45 -5 127 21
blight 0.0150 155 485 214 528
blight 0.0147 -18 587 41 615
blight 0.0140 149 499 233 545
blight 0.0140 583 571 620 629
blight 0.0139 140 482 192 523
blight 0.0138 182 30 261 117
blight 0.0138 440 -11 528 17
blight 0.0129 39 562 115 602
blight 0.0128 315 -2 392 27
blight 0.0127 38 550 79 614
blight 0.0127 20 547 62 618
blight 0.0122 333 386 395 543
blight 0.0121 270 353 336 508
blight 0.0120 244 121 280 207
blight 0.0120 40 -14 121 54
blight 0.0119 250 168 279 221
blight 0.0117 -15 546 37 584
blight 0.0116 17 1 82 44
blight 0.0114 304 356 368 508
blight 0.0105 -10 87 38 182
blight 0.0105 235 352 305 510
blight 0.0104 570 565 637 595
blight 0.0104 229 102 266 217
blight 0.0101 -15 563 41 596
blight 0.0100 440 304 516 381
blight 0.0100 575 390 629 427
blight 0.0100 14 316 68 518
Anthrax 0.9271 436 287 513 394
Anthrax 0.0717 340 113 491 457
Anthrax 0.0438 474 262 557 415
Anthrax 0.0379 409 160 552 498
Anthrax 0.0321 472 185 599 517
Anthrax 0.0298 409 268 490 400
Anthrax 0.0251 161 106 465 459
Anthrax 0.0232 471 315 520 377
Anthrax 0.0228 468 283 530 361
Anthrax 0.0228 307 405 379 476
Anthrax 0.0219 -1 143 17 252
Anthrax 0.0218 303 130 383 221
Anthrax 0.0206 454 296 504 361
Anthrax 0.0198 447 316 496 389
Anthrax 0.0190 502 194 536 240
Anthrax 0.0184 387 488 441 551
Anthrax 0.0178 9 394 50 493
Anthrax 0.0174 4 84 43 194
Anthrax 0.0171 46 468 94 566
Anthrax 0.0170 47 389 85 488
Anthrax 0.0170 141 208 205 254
Anthrax 0.0169 132 273 178 378
Anthrax 0.0161 66 189 103 263
Anthrax 0.0159 456 226 528 401
Anthrax 0.0154 365 469 419 534
Anthrax 0.0154 187 75 241 159
Anthrax 0.0152 0 392 21 492
Anthrax 0.0150 318 1 371 38
Anthrax 0.0149 6 162 102 309
Anthrax 0.0149 63 387 102 453
Anthrax 0.0148 -1 328 20 421
Anthrax 0.0147 14 99 63 182
Anthrax 0.0147 0 297 40 522
Anthrax 0.0146 320 152 369 231
Anthrax 0.0143 50 198 93 272
Anthrax 0.0139 319 203 362 293
Anthrax 0.0138 390 252 427 315
Anthrax 0.0134 5 19 42 158
Anthrax 0.0132 400 335 488 450
Anthrax 0.0132 325 411 395 501
Anthrax 0.0131 -2 41 43 252
Anthrax 0.0131 514 194 575 228
Anthrax 0.0128 432 322 483 405
