iouv 0.0334 178 304 312 439
iouv 0.0187 256 229 298 284
iouv 0.0173 274 373 358 426
iouv 0.0156 282 326 369 422
iouv 0.0149 389 404 491 434
iouv 0.0107 480 332 543 389
iouv 0.0104 159 392 205 461
iouv 0.0102 533 299 599 355
iouv 0.0102 126 486 247 584
blight 0.0380 329 9 474 86
blight 0.0328 352 354 403 409
blight 0.0273 61 279 149 352
blight 0.0241 340 346 437 427
blight 0.0241 -5 463 27 519
blight 0.0238 471 208 568 252
blight 0.0232 139 335 199 391
blight 0.0227 230 560 351 595
blight 0.0194 397 243 473 355
blight 0.0179 486 222 583 269
blight 0.0172 244 226 291 280
blight 0.0169 81 302 178 387
blight 0.0163 -20 460 37 543
blight 0.0161 48 304 127 355
blight 0.0158 -35 566 51 651
blight 0.0150 487 0 587 26
blight 0.0150 384 -3 497 74
blight 0.0147 254 531 366 591
blight 0.0147 573 229 631 292
blight 0.0142 416 250 462 333
blight 0.0140 -12 67 97 164
blight 0.0135 581 -24 619 40
blight 0.0130 117 429 153 469
blight 0.0128 473 236 565 282
blight 0.0127 234 539 311 578
blight 0.0125 562 -4 638 26
blight 0.0124 120 427 173 485
blight 0.0124 485 -13 591 44
blight 0.0123 312 312 407 416
blight 0.0119 540 -2 595 33
blight 0.0118 -7 490 24 546
blight 0.0115 584 578 619 629
blight 0.0114 16 31 119 109
blight 0.0113 234 584 320 610
blight 0.0109 532 398 600 444
blight 0.0109 -18 -27 49 48
blight 0.0108 477 187 564 234
blight 0.0108 228 244 261 296
blight 0.0107 97 170 176 205
blight 0.0106 415 301 488 403
blight 0.0105 -19 432 48 513
blight 0.0105 206 548 312 594
blight 0.0104 77 279 126 333
blight 0.0104 296 307 375 342
blight 0.0101 573 15 629 88
blight 0.0101 90 -1 181 24
blight 0.0101 567 -26 651 51
blight 0.0101 560 587 635 614
blight 0.0100 0 481 50 524
Anthrax 0.9997 253 194 474 423
Anthrax 0.9937 0 301 192 428
Anthrax 0.9863 75 203 290 419
Anthrax 0.0981 288 324 377 426
Anthrax 0.0828 411 282 479 408
Anthrax 0.0657 67 312 183 401
Anthrax 0.0554 257 243 299 286
Anthrax 0.0392 30 335 93 375
Anthrax 0.0342 15 326 82 363
Anthrax 0.0331 425 301 477 373
Anthrax 0.0327 37 303 144 367
Anthrax 0.0326 290 350 347 413
Anthrax 0.0308 5 319 45 376
Anthrax 0.0302 11 340 70 380
Anthrax 0.0264 9 320 116 401
Anthrax 0.0251 134 350 202 392
Anthrax 0.0219 428 150 537 229
Anthrax 0.0216 50 344 201 421
Anthrax 0.0205 71 354 174 396
Anthrax 0.0193 71 283 135 341
