iouv 0.0221 187 257 261 339
iouv 0.0166 237 377 322 476
iouv 0.0131 441 416 538 495
iouv 0.0102 255 206 405 293
blight 0.0294 -9 -9 23 27
blight 0.0217 251 319 312 357
blight 0.0212 299 588 386 615
blight 0.0203 555 -4 640 22
blight 0.0170 231 310 290 353
blight 0.0165 304 -6 380 16
blight 0.0162 -19 -4 37 19
blight 0.0160 270 -7 348 16
blight 0.0153 335 -5 413 15
blight 0.0150 -21 590 37 615
blight 0.0150 229 291 327 365
blight 0.0149 423 -21 456 24
blight 0.0148 439 -21 472 24
blight 0.0148 414 -6 492 16
blight 0.0148 407 -21 440 24
blight 0.0146 455 -21 488 24
blight 0.0145 383 -6 460 16
blight 0.0144 238 -6 320 16
blight 0.0143 391 -20 424 24
blight 0.0141 219 268 287 321
blight 0.0139 183 -20 216 25
blight 0.0138 471 -20 503 24
blight 0.0138 167 -19 199 25
blight 0.0137 263 -22 296 26
blight 0.0137 199 -20 232 25
blight 0.0136 72 464 127 500
blight 0.0136 375 -20 408 24
blight 0.0135 215 -20 248 25
blight 0.0135 503 6 572 39
blight 0.0135 151 -19 183 25
blight 0.0134 247 -20 280 25
blight 0.0134 231 -20 263 25
blight 0.0131 73 447 129 482
blight 0.0131 135 -19 167 25
blight 0.0130 535 56 569 108
blight 0.0129 499 -2 578 19
blight 0.0128 551 55 584 108
blight 0.0128 119 -19 151 25
blight 0.0128 446 -6 526 16
blight 0.0127 87 -19 119 25
blight 0.0127 103 -19 135 25
blight 0.0126 71 -19 103 26
blight 0.0125 359 -19 392 24
blight 0.0122 534 0 605 25
blight 0.0119 160 -6 233 15
blight 0.0118 336 -11 385 26
blight 0.0117 279 -23 313 27
blight 0.0117 487 -18 519 25
blight 0.0116 55 -18 87 27
blight 0.0116 193 -6 266 15
blight 0.0116 0 -5 72 16
blight 0.0115 -17 12 27 40
blight 0.0114 128 -6 202 15
blight 0.0114 -33 578 43 653
blight 0.0112 570 71 628 97
blight 0.0112 69 482 125 517
blight 0.0110 -22 -25 36 43
blight 0.0110 -16 181 35 212
blight 0.0109 32 -5 104 15
blight 0.0109 569 105 628 130
blight 0.0109 569 121 628 146
blight 0.0108 583 573 619 631
blight 0.0107 97 -6 170 15
blight 0.0107 148 252 198 281
blight 0.0106 561 -24 649 45
blight 0.0106 355 585 427 612
blight 0.0106 -16 164 37 196
blight 0.0106 248 298 313 336
blight 0.0105 580 96 630 146
blight 0.0105 65 -6 137 15
blight 0.0105 535 67 589 96
blight 0.0104 569 88 628 113
blight 0.0103 39 -18 71 28
blight 0.0103 304 -14 352 26
blight 0.0101 -5 209 26 257
blight 0.0101 192 257 260 341
blight 0.0101 292 421 347 464
blight 0.0100 568 54 629 82
blight 0.0100 569 136 627 162
Anthrax 0.9998 217 396 315 532
Anthrax 0.9491 185 260 260 333
Anthrax 0.0328 227 420 278 521
Anthrax 0.0322 237 377 322 476
Anthrax 0.0256 257 315 319 367
Anthrax 0.0231 245 424 307 501
Anthrax 0.0228 213 412 256 513
Anthrax 0.0184 555 -4 640 22
Anthrax 0.0176 328 581 362 635
Anthrax 0.0169 219 268 287 321
Anthrax 0.0161 208 259 266 305
Anthrax 0.0160 184 260 243 294
Anthrax 0.0156 270 410 314 491
Anthrax 0.0152 248 298 313 336
Anthrax 0.0146 253 269 331 320
Anthrax 0.0142 310 581 346 633
Anthrax 0.0137 565 -78 623 85
Anthrax 0.0133 270 287 327 338
Anthrax 0.0132 344 581 378 636
Anthrax 0.0130 -7 537 31 728
Anthrax 0.0128 240 291 339 372
Anthrax 0.0128 210 440 263 556
Anthrax 0.0125 570 519 613 714
Anthrax 0.0121 299 588 386 615
Anthrax 0.0121 561 -24 649 45
Anthrax 0.0113 213 297 274 343
Anthrax 0.0112 -4 372 39 553
