iouv 0.0222 497 241 603 332
iouv 0.0176 569 240 601 315
iouv 0.0149 48 194 554 365
blight 0.0256 573 204 626 260
blight 0.0231 0 539 78 594
blight 0.0209 -19 -23 49 44
blight 0.0207 540 218 599 283
blight 0.0204 576 240 629 297
blight 0.0202 -19 -5 49 20
blight 0.0201 -34 563 45 652
blight 0.0187 52 254 162 347
blight 0.0185 -7 -7 30 31
blight 0.0181 561 235 598 295
blight 0.0164 578 170 631 229
blight 0.0148 200 442 253 487
blight 0.0145 -19 255 45 339
blight 0.0143 238 -17 329 39
blight 0.0137 -21 297 43 383
blight 0.0135 250 264 352 292
blight 0.0134 0 81 78 127
blight 0.0134 580 138 630 197
blight 0.0131 585 180 620 249
blight 0.0130 559 190 656 277
blight 0.0128 -20 585 41 616
blight 0.0128 245 -5 346 24
blight 0.0128 537 -27 570 23
blight 0.0125 88 275 194 363
blight 0.0123 558 -3 639 23
blight 0.0123 521 -25 554 24
blight 0.0118 -13 326 34 361
blight 0.0117 -3 539 37 597
blight 0.0116 -19 290 36 329
blight 0.0116 -3 280 16 370
blight 0.0115 71 289 115 348
blight 0.0114 564 584 633 615
blight 0.0112 274 114 346 157
blight 0.0112 555 -26 588 28
blight 0.0110 -17 309 32 343
blight 0.0110 125 -13 210 41
blight 0.0109 573 168 627 199
blight 0.0108 -16 48 44 127
blight 0.0107 566 231 631 269
blight 0.0106 548 197 601 238
blight 0.0105 360 90 394 143
blight 0.0103 504 -21 538 29
blight 0.0103 -7 428 25 487
blight 0.0103 8 95 92 141
blight 0.0103 -13 512 47 590
blight 0.0101 327 179 391 233
blight 0.0101 489 -20 524 32
blight 0.0101 -3 268 76 320
blight 0.0101 139 -21 177 37
blight 0.0101 580 106 630 167
Anthrax 0.6823 45 187 582 355
Anthrax 0.0846 65 253 162 334
Anthrax 0.0480 77 258 130 310
Anthrax 0.0451 61 62 571 271
Anthrax 0.0347 129 -7 243 49
Anthrax 0.0281 568 245 600 325
Anthrax 0.0249 166 184 265 218
Anthrax 0.0233 151 -3 249 22
Anthrax 0.0215 284 587 373 615
Anthrax 0.0205 2 217 42 308
Anthrax 0.0197 156 588 239 615
Anthrax 0.0196 57 240 126 301
Anthrax 0.0185 334 189 406 228
Anthrax 0.0182 -11 579 33 629
Anthrax 0.0176 232 583 266 635
Anthrax 0.0174 216 587 249 638
Anthrax 0.0173 -2 68 19 142
Anthrax 0.0173 199 589 232 639
Anthrax 0.0170 187 584 273 613
Anthrax 0.0170 228 185 352 257
Anthrax 0.0169 -7 227 30 280
Anthrax 0.0161 183 591 216 639
Anthrax 0.0159 -4 527 37 723
Anthrax 0.0159 497 241 603 332
Anthrax 0.0146 138 -5 200 37
Anthrax 0.0145 112 295 203 365
Anthrax 0.0142 167 591 201 637
Anthrax 0.0142 458 215 535 261
Anthrax 0.0139 -14 104 35 138
Anthrax 0.0139 -7 -7 30 31
Anthrax 0.0138 127 588 206 617
Anthrax 0.0137 4 71 43 137
Anthrax 0.0135 7 -1 106 22
Anthrax 0.0133 -2 427 18 518
Anthrax 0.0126 247 582 280 631
Anthrax 0.0125 -19 -5 49 20
Anthrax 0.0125 -5 329 17 426
Anthrax 0.0122 -6 110 87 208
Anthrax 0.0120 585 496 617 577
Anthrax 0.0120 -14 88 35 122
Anthrax 0.0120 512 235 592 286
Anthrax 0.0119 310 590 403 617
Anthrax 0.0118 158 171 240 208
Anthrax 0.0118 526 -11 581 27
Anthrax 0.0116 90 2 557 158
Anthrax 0.0115 152 592 184 635
Anthrax 0.0111 468 202 533 239
Anthrax 0.0108 130 186 231 222
Anthrax 0.0108 333 198 592 339
Anthrax 0.0107 -8 61 29 118
Anthrax 0.0107 221 586 302 613
Anthrax 0.0105 0 517 23 610
Anthrax 0.0104 572 580 627 631
Anthrax 0.0101 14 -4 69 31
