blight 0.0354 450 483 523 576
blight 0.0246 97 436 148 504
blight 0.0242 1 468 50 544
blight 0.0232 136 187 170 242
blight 0.0224 336 330 414 439
blight 0.0211 466 504 503 582
blight 0.0209 119 186 152 243
blight 0.0197 401 77 469 132
blight 0.0190 80 456 133 516
blight 0.0185 296 269 323 323
blight 0.0184 232 519 266 573
blight 0.0181 89 262 125 309
blight 0.0181 563 -5 632 21
blight 0.0179 -4 75 18 170
blight 0.0178 305 260 346 306
blight 0.0178 388 93 448 135
blight 0.0173 2 51 46 148
blight 0.0172 459 534 494 591
blight 0.0172 -6 -7 33 30
blight 0.0170 -2 492 30 552
blight 0.0170 9 545 76 593
blight 0.0169 123 389 182 457
blight 0.0168 406 74 504 163
blight 0.0164 115 417 155 487
blight 0.0162 -3 412 30 470
blight 0.0157 95 264 147 325
blight 0.0156 -5 235 28 298
blight 0.0155 293 253 332 309
blight 0.0154 68 312 103 370
blight 0.0152 127 447 169 520
blight 0.0146 216 517 250 575
blight 0.0146 386 12 454 63
blight 0.0146 13 565 103 597
blight 0.0146 -4 64 30 128
blight 0.0145 92 568 174 596
blight 0.0145 324 540 389 595
blight 0.0144 1 458 33 525
blight 0.0144 198 514 236 577
blight 0.0143 132 414 170 485
blight 0.0143 247 418 288 475
blight 0.0140 -13 587 41 612
blight 0.0140 182 516 220 582
blight 0.0138 292 78 356 122
blight 0.0138 320 262 365 305
blight 0.0138 500 491 535 566
blight 0.0136 -5 186 28 250
blight 0.0135 250 523 284 576
blight 0.0135 70 274 108 334
blight 0.0134 150 568 231 595
blight 0.0133 105 279 187 367
blight 0.0133 -3 -23 20 40
blight 0.0132 191 567 277 595
blight 0.0131 183 533 253 593
blight 0.0130 276 245 315 311
blight 0.0129 116 466 154 530
blight 0.0129 134 297 168 369
blight 0.0127 -2 266 28 328
blight 0.0127 52 277 91 336
blight 0.0127 36 -7 227 42
blight 0.0124 400 -17 497 58
blight 0.0124 6 38 63 119
blight 0.0123 252 123 323 170
blight 0.0122 571 40 625 71
blight 0.0122 -3 160 18 279
blight 0.0121 36 266 74 324
blight 0.0121 34 9 221 85
blight 0.0121 -18 88 38 173
blight 0.0120 568 -33 655 48
blight 0.0120 -29 573 46 650
blight 0.0120 65 251 121 310
blight 0.0119 571 56 627 86
blight 0.0118 441 275 530 303
blight 0.0118 -17 -20 53 40
blight 0.0117 287 145 370 187
blight 0.0117 114 283 155 354
blight 0.0117 247 -2 320 22
blight 0.0117 590 424 615 505
blight 0.0115 132 210 170 275
blight 0.0114 -2 380 32 441
blight 0.0114 444 -5 497 34
blight 0.0113 350 521 400 585
blight 0.0113 278 263 309 339
Anthrax 0.9996 217 265 313 454
Anthrax 0.0314 221 268 273 372
Anthrax 0.0248 211 335 279 447
Anthrax 0.0227 214 348 255 430
Anthrax 0.0215 181 279 252 449
Anthrax 0.0189 103 271 175 352
Anthrax 0.0176 0 262 41 467
Anthrax 0.0167 273 325 310 440
Anthrax 0.0157 -2 578 20 636
Anthrax 0.0152 297 357 320 417
Anthrax 0.0148 182 -3 277 22
Anthrax 0.0147 227 249 265 314
Anthrax 0.0144 570 338 615 537
Anthrax 0.0143 154 208 227 251
Anthrax 0.0142 245 347 325 459
Anthrax 0.0141 156 227 225 266
Anthrax 0.0137 -5 530 33 717
Anthrax 0.0136 0 463 22 558
Anthrax 0.0134 264 282 312 356
Anthrax 0.0134 4 466 41 549
Anthrax 0.0133 394 -1 481 27
Anthrax 0.0133 546 450 593 556
Anthrax 0.0129 231 267 282 332
Anthrax 0.0126 1 33 70 130
Anthrax 0.0125 371 310 413 380
Anthrax 0.0124 215 270 258 335
Anthrax 0.0122 571 525 618 715
Anthrax 0.0122 585 -26 618 39
Anthrax 0.0121 243 519 289 720
Anthrax 0.0121 385 530 444 575
Anthrax 0.0120 566 -81 621 87
Anthrax 0.0116 563 -5 632 21
Anthrax 0.0116 499 424 604 544
Anthrax 0.0116 -13 587 41 612
Anthrax 0.0116 518 -3 577 21
Anthrax 0.0114 -3 160 18 279
Anthrax 0.0112 492 539 571 590
Anthrax 0.0108 6 581 109 655
Anthrax 0.0107 296 298 394 395
Anthrax 0.0107 215 524 261 715
Anthrax 0.0107 -1 583 52 623
Anthrax 0.0105 191 567 277 595
Anthrax 0.0104 0 521 21 594
Anthrax 0.0103 107 270 156 316
Anthrax 0.0102 -4 -70 46 87
Anthrax 0.0102 215 291 258 400
