iouv 0.1507 451 361 594 400
iouv 0.1066 512 183 595 323
iouv 0.0614 156 2 280 109
iouv 0.0554 171 117 278 184
iouv 0.0416 136 286 244 392
iouv 0.0409 409 352 491 481
iouv 0.0329 475 94 601 179
iouv 0.0304 78 322 139 362
iouv 0.0291 429 341 524 434
iouv 0.0252 396 136 493 197
iouv 0.0232 171 291 236 339
iouv 0.0197 448 350 504 407
iouv 0.0193 261 11 379 119
iouv 0.0170 172 274 270 378
iouv 0.0168 490 177 567 226
iouv 0.0166 130 412 238 520
iouv 0.0165 206 33 287 108
iouv 0.0164 477 325 611 389
iouv 0.0162 -2 6 77 66
iouv 0.0161 66 306 121 364
iouv 0.0160 52 326 112 370
iouv 0.0159 357 210 419 267
iouv 0.0159 418 131 495 171
iouv 0.0147 155 303 224 354
iouv 0.0146 250 445 303 521
iouv 0.0144 428 352 486 419
iouv 0.0139 96 308 160 351
iouv 0.0137 208 460 253 517
iouv 0.0136 229 207 307 306
iouv 0.0134 419 148 483 182
iouv 0.0133 137 503 197 539
iouv 0.0127 534 96 603 150
iouv 0.0125 522 368 596 404
iouv 0.0124 485 414 559 464
iouv 0.0123 309 362 355 456
iouv 0.0123 337 202 427 290
iouv 0.0119 561 197 593 279
iouv 0.0119 429 325 565 397
iouv 0.0116 559 185 602 343
iouv 0.0115 154 261 244 341
iouv 0.0112 471 147 593 224
iouv 0.0112 -6 165 58 239
iouv 0.0107 420 112 528 185
iouv 0.0107 330 178 448 213
iouv 0.0107 31 91 86 154
iouv 0.0104 195 129 340 202
iouv 0.0103 447 348 525 382
iouv 0.0101 277 48 326 120
iouv 0.0101 203 138 260 187
blight 0.0600 430 8 509 40
blight 0.0545 110 87 153 153
blight 0.0402 96 84 137 157
blight 0.0387 94 52 169 161
blight 0.0351 364 26 412 78
blight 0.0338 129 102 155 133
blight 0.0336 415 0 522 76
blight 0.0333 571 358 599 397
blight 0.0330 130 91 174 154
blight 0.0317 112 97 143 134
blight 0.0316 0 130 46 204
blight 0.0313 111 81 143 121
blight 0.0310 398 5 469 41
blight 0.0296 94 54 140 125
blight 0.0287 87 71 126 143
blight 0.0282 445 2 537 25
blight 0.0262 318 136 343 203
blight 0.0261 321 437 357 478
blight 0.0254 106 115 154 186
blight 0.0252 -31 566 50 655
blight 0.0251 546 -1 646 26
blight 0.0251 313 173 338 208
blight 0.0248 311 188 337 226
blight 0.0247 396 0 479 22
blight 0.0245 416 31 477 70
blight 0.0242 375 45 429 96
blight 0.0240 339 86 373 152
blight 0.0237 470 -3 566 21
blight 0.0233 576 357 620 402
blight 0.0227 200 72 240 128
blight 0.0217 437 57 502 85
blight 0.0214 66 8 109 81
blight 0.0213 112 33 160 122
blight 0.0212 122 157 204 276
blight 0.0204 349 11 466 72
blight 0.0202 5 98 75 200
blight 0.0201 408 49 461 84
blight 0.0197 374 75 430 123
blight 0.0187 129 115 158 148
blight 0.0187 391 51 439 88
blight 0.0186 392 38 449 76
blight 0.0183 311 446 342 505
blight 0.0183 570 -6 628 37
blight 0.0182 126 88 154 121
blight 0.0182 390 69 444 105
blight 0.0181 364 1 453 27
blight 0.0179 274 161 338 199
blight 0.0174 316 451 360 494
blight 0.0171 -6 540 79 606
blight 0.0171 -13 -1 45 24
blight 0.0170 373 56 408 93
blight 0.0170 81 38 123 113
blight 0.0168 361 92 417 142
blight 0.0166 328 189 350 221
blight 0.0164 557 -1 602 30
blight 0.0163 192 61 253 115
blight 0.0163 -12 580 37 628
blight 0.0162 396 14 483 94
blight 0.0161 109 67 143 106
blight 0.0159 527 350 601 405
blight 0.0159 422 18 482 55
blight 0.0157 454 48 489 92
blight 0.0156 357 73 392 139
blight 0.0156 540 5 613 35
blight 0.0154 584 315 614 381
blight 0.0153 167 -10 197 32
blight 0.0150 82 10 162 130
blight 0.0148 153 0 211 20
blight 0.0147 555 -27 654 48
blight 0.0145 403 75 473 107
blight 0.0142 326 97 360 173
blight 0.0142 431 428 475 497
Anthrax 0.9997 138 287 281 499
Anthrax 0.9509 381 443 455 533
Anthrax 0.9248 247 430 328 524
Anthrax 0.8780 415 352 494 477
Anthrax 0.2611 392 398 481 521
Anthrax 0.1442 209 354 251 436
Anthrax 0.0915 507 187 593 328
Anthrax 0.0793 176 365 261 484
Anthrax 0.0596 -5 155 48 223
Anthrax 0.0515 132 403 239 498
Anthrax 0.0505 428 406 491 488
Anthrax 0.0484 248 458 294 525
Anthrax 0.0439 217 328 252 408
Anthrax 0.0432 218 379 263 472
Anthrax 0.0427 415 375 453 455
