iouv 0.0510 387 516 498 594
iouv 0.0345 -5 417 44 484
iouv 0.0150 414 201 534 286
iouv 0.0103 41 175 449 359
iouv 0.0100 487 591 552 613
blight 0.1127 6 564 92 597
blight 0.0439 506 360 534 421
blight 0.0420 526 42 606 140
blight 0.0382 5 355 43 424
blight 0.0362 -3 381 28 444
blight 0.0362 0 296 50 351
blight 0.0359 310 376 342 441
blight 0.0337 5 197 49 260
blight 0.0324 2 534 105 597
blight 0.0314 156 482 216 521
blight 0.0313 535 -8 597 98
blight 0.0290 -3 394 45 470
blight 0.0289 151 470 215 501
blight 0.0288 149 455 215 488
blight 0.0282 151 483 183 537
blight 0.0278 148 454 186 515
blight 0.0277 18 391 62 456
blight 0.0272 6 425 48 498
blight 0.0271 120 362 177 394
blight 0.0269 -3 344 19 418
blight 0.0268 -7 304 28 355
blight 0.0263 9 345 65 376
blight 0.0256 0 262 48 326
blight 0.0255 70 504 145 540
blight 0.0253 333 519 379 579
blight 0.0250 66 520 147 556
blight 0.0248 326 402 359 478
blight 0.0248 83 458 127 518
blight 0.0246 8 226 66 288
blight 0.0246 133 452 168 514
blight 0.0245 -5 -7 28 31
blight 0.0240 323 527 360 592
blight 0.0239 311 563 369 597
blight 0.0238 24 228 84 274
blight 0.0235 51 139 114 197
blight 0.0234 312 396 345 480
blight 0.0229 309 532 346 594
blight 0.0227 116 446 149 512
blight 0.0224 384 467 434 525
blight 0.0222 -11 376 29 412
blight 0.0221 166 490 201 540
blight 0.0221 181 472 243 501
blight 0.0220 11 358 66 394
blight 0.0220 58 386 128 427
blight 0.0212 17 292 65 330
blight 0.0209 44 397 124 445
blight 0.0207 -7 201 39 235
blight 0.0207 6 312 41 370
blight 0.0205 294 430 328 497
blight 0.0205 -9 361 30 394
blight 0.0203 181 84 221 147
blight 0.0203 504 0 575 61
blight 0.0202 101 566 209 594
blight 0.0202 -8 295 31 330
blight 0.0200 99 446 138 511
blight 0.0200 70 148 178 190
blight 0.0200 -6 250 28 306
blight 0.0198 -10 410 33 446
blight 0.0196 13 326 72 358
blight 0.0195 183 496 217 545
blight 0.0193 496 387 542 432
blight 0.0192 185 484 239 518
blight 0.0192 -11 346 30 377
blight 0.0191 293 521 329 585
blight 0.0189 39 567 133 601
blight 0.0188 -10 176 68 223
blight 0.0188 33 359 104 399
blight 0.0188 6 578 103 646
blight 0.0187 563 61 644 155
blight 0.0187 515 353 552 420
blight 0.0185 -2 194 92 274
blight 0.0185 322 387 357 441
blight 0.0185 199 496 232 549
blight 0.0181 7 584 76 607
Anthrax 0.6810 80 163 507 359
Anthrax 0.1025 -9 135 90 217
Anthrax 0.0445 49 65 546 284
Anthrax 0.0439 1 401 45 484
Anthrax 0.0409 48 382 119 437
Anthrax 0.0407 386 510 490 595
Anthrax 0.0368 423 426 514 507
Anthrax 0.0314 333 280 409 322
Anthrax 0.0224 313 269 437 355
Anthrax 0.0187 42 423 111 479
Anthrax 0.0181 -18 564 205 611
Anthrax 0.0179 -3 526 41 717
Anthrax 0.0170 491 573 564 600
Anthrax 0.0166 0 144 45 198
Anthrax 0.0161 -2 436 35 493
Anthrax 0.0153 88 -1 541 150
Anthrax 0.0153 401 533 508 631
Anthrax 0.0149 381 451 502 535
Anthrax 0.0136 502 583 538 622
Anthrax 0.0135 -101 566 85 615
Anthrax 0.0130 -9 -94 41 79
Anthrax 0.0126 521 583 550 621
Anthrax 0.0124 40 406 104 459
Anthrax 0.0121 341 288 446 333
Anthrax 0.0116 250 581 281 634
Anthrax 0.0116 26 430 123 504
Anthrax 0.0115 265 576 298 632
Anthrax 0.0113 -6 125 65 191
Anthrax 0.0112 374 517 421 584
Anthrax 0.0112 571 528 613 708
Anthrax 0.0110 280 576 313 630
