iouv 0.0339 33 -6 422 571
iouv 0.0144 143 475 231 559
iouv 0.0100 218 491 295 592
blight 0.0832 213 521 247 594
blight 0.0201 45 394 146 504
blight 0.0187 -10 -10 22 27
blight 0.0178 143 475 231 559
blight 0.0161 571 537 633 601
blight 0.0158 587 492 615 573
blight 0.0141 572 505 596 594
blight 0.0140 293 494 328 544
blight 0.0133 191 0 225 107
blight 0.0133 454 -17 486 25
blight 0.0132 470 -17 502 25
blight 0.0132 216 562 246 615
blight 0.0131 438 -17 470 26
blight 0.0128 374 -18 406 26
blight 0.0127 587 61 614 135
blight 0.0127 422 -18 454 26
blight 0.0127 358 -18 390 26
blight 0.0127 390 -18 422 26
blight 0.0126 406 -18 438 26
blight 0.0126 486 -17 518 25
blight 0.0123 563 588 636 618
blight 0.0122 534 440 568 491
blight 0.0122 587 90 615 169
blight 0.0122 172 -18 199 35
blight 0.0121 578 -12 630 32
blight 0.0120 560 -6 638 19
blight 0.0119 589 465 615 527
blight 0.0119 583 576 618 637
blight 0.0118 342 -18 374 26
blight 0.0115 587 203 615 279
blight 0.0115 -8 585 33 631
blight 0.0114 -19 -4 35 17
blight 0.0114 -29 576 42 655
blight 0.0113 585 119 614 201
blight 0.0110 159 -19 188 37
blight 0.0110 571 524 635 558
blight 0.0109 588 282 616 360
blight 0.0109 203 499 240 582
blight 0.0108 38 -16 70 28
blight 0.0107 517 -19 551 28
blight 0.0106 587 234 616 311
blight 0.0106 54 -16 86 27
blight 0.0105 586 171 615 246
blight 0.0104 589 380 616 456
blight 0.0104 587 313 616 391
blight 0.0104 70 -16 102 26
blight 0.0104 533 -21 568 29
Anthrax 0.9487 33 -18 409 552
Anthrax 0.1377 349 301 395 350
Anthrax 0.0822 43 393 146 497
Anthrax 0.0779 335 279 399 358
Anthrax 0.0727 116 166 174 210
Anthrax 0.0722 236 196 293 252
Anthrax 0.0607 172 229 230 274
Anthrax 0.0449 146 7 221 131
Anthrax 0.0301 142 253 200 308
Anthrax 0.0290 160 235 215 289
Anthrax 0.0265 49 400 102 466
Anthrax 0.0265 176 3 223 94
Anthrax 0.0217 213 204 260 267
Anthrax 0.0211 231 366 269 418
Anthrax 0.0208 226 31 323 143
Anthrax 0.0196 537 443 568 501
Anthrax 0.0189 78 458 169 536
Anthrax 0.0189 -11 61 82 520
Anthrax 0.0187 101 59 134 144
Anthrax 0.0180 75 50 168 171
Anthrax 0.0174 34 353 116 466
Anthrax 0.0167 129 398 216 501
Anthrax 0.0165 90 73 124 151
Anthrax 0.0156 -1 223 46 498
Anthrax 0.0148 66 336 112 384
Anthrax 0.0147 204 227 254 260
Anthrax 0.0145 66 305 108 357
Anthrax 0.0143 123 32 151 102
Anthrax 0.0141 110 144 162 205
Anthrax 0.0134 13 300 36 385
Anthrax 0.0133 55 137 88 213
Anthrax 0.0133 392 319 424 413
Anthrax 0.0132 71 101 105 181
Anthrax 0.0131 55 192 84 263
