iouv 0.0195 554 226 597 368
iouv 0.0165 -5 -22 22 43
iouv 0.0162 505 276 599 361
iouv 0.0152 538 166 600 391
iouv 0.0150 150 4 259 121
iouv 0.0120 261 -10 614 78
iouv 0.0109 -2 360 22 460
iouv 0.0107 7 -14 48 52
iouv 0.0105 40 208 575 509
iouv 0.0102 -7 3 67 66
blight 0.0726 -4 91 61 171
blight 0.0567 2 8 84 49
blight 0.0315 -2 115 33 169
blight 0.0264 -13 -18 53 49
blight 0.0259 0 128 76 173
blight 0.0248 453 447 578 523
blight 0.0246 2 75 103 164
blight 0.0236 -8 59 45 152
blight 0.0230 529 473 600 529
blight 0.0226 11 3 95 27
blight 0.0217 -18 -1 45 24
blight 0.0206 208 33 602 159
blight 0.0172 538 63 573 112
blight 0.0172 177 -19 482 183
blight 0.0172 3 19 47 110
blight 0.0169 -5 -22 22 43
blight 0.0165 557 587 635 614
blight 0.0165 -11 261 46 304
blight 0.0161 17 109 96 158
blight 0.0159 17 -17 63 46
blight 0.0158 41 -22 336 195
blight 0.0157 404 -28 770 153
blight 0.0157 -22 420 41 512
blight 0.0156 -22 379 43 475
blight 0.0154 436 99 600 162
blight 0.0149 -6 412 37 471
blight 0.0148 -8 27 41 65
blight 0.0147 13 41 55 135
blight 0.0147 -2 14 28 83
blight 0.0146 60 483 161 581
blight 0.0145 555 146 597 219
blight 0.0144 -7 100 36 141
blight 0.0144 35 90 111 148
blight 0.0138 585 577 617 630
blight 0.0136 -7 59 29 119
blight 0.0136 -70 -5 84 46
blight 0.0133 0 135 33 195
blight 0.0133 580 349 628 405
blight 0.0131 22 63 85 108
blight 0.0128 211 104 587 221
blight 0.0126 0 267 74 323
blight 0.0123 74 564 195 651
blight 0.0120 582 137 617 201
blight 0.0120 -10 50 28 83
blight 0.0120 442 94 502 151
blight 0.0119 2 -1 170 47
blight 0.0115 542 -13 570 44
blight 0.0114 -19 291 36 328
blight 0.0110 103 497 228 595
blight 0.0109 560 -4 634 18
blight 0.0109 -5 6 57 78
blight 0.0108 470 445 524 505
blight 0.0108 32 120 73 168
blight 0.0107 562 568 638 595
blight 0.0106 -17 447 38 489
blight 0.0104 -69 -56 77 84
blight 0.0104 564 466 598 538
blight 0.0103 58 509 131 567
blight 0.0103 559 485 636 522
blight 0.0103 478 130 523 182
Anthrax 0.9434 1 217 588 517
Anthrax 0.4469 424 93 604 158
Anthrax 0.1403 431 237 539 313
Anthrax 0.1178 433 85 534 149
Anthrax 0.1069 346 396 395 437
Anthrax 0.0633 531 86 591 127
Anthrax 0.0580 408 61 590 124
Anthrax 0.0579 -7 3 67 66
Anthrax 0.0489 487 105 657 169
Anthrax 0.0455 507 76 595 153
Anthrax 0.0339 163 8 259 129
Anthrax 0.0330 439 291 513 328
Anthrax 0.0329 422 127 602 191
Anthrax 0.0273 465 464 507 517
Anthrax 0.0267 327 376 411 443
Anthrax 0.0256 25 20 576 276
Anthrax 0.0240 385 29 578 90
Anthrax 0.0237 456 475 605 521
Anthrax 0.0232 115 42 214 156
Anthrax 0.0217 454 260 515 322
Anthrax 0.0211 137 8 234 47
Anthrax 0.0208 557 156 598 389
Anthrax 0.0206 507 136 680 196
Anthrax 0.0197 -8 -3 30 35
Anthrax 0.0192 433 272 527 344
Anthrax 0.0184 187 85 221 177
Anthrax 0.0176 458 235 515 297
Anthrax 0.0174 418 447 575 529
Anthrax 0.0171 171 308 270 384
