iouv 0.0429 241 1 357 30
iouv 0.0387 199 488 344 597
iouv 0.0310 445 199 550 340
iouv 0.0220 134 82 539 598
iouv 0.0162 1 11 96 149
iouv 0.0157 -19 -6 52 25
iouv 0.0128 -41 -14 82 61
iouv 0.0119 -6 -54 49 101
iouv 0.0101 256 39 382 141
blight 0.0634 44 314 116 432
blight 0.0350 347 8 425 52
blight 0.0349 67 0 147 82
blight 0.0317 453 54 547 166
blight 0.0312 343 1 426 24
blight 0.0276 260 143 295 195
blight 0.0272 534 6 583 79
blight 0.0272 245 149 279 200
blight 0.0255 -9 -1 93 35
blight 0.0252 -19 -6 52 25
blight 0.0246 208 2 265 51
blight 0.0240 48 398 136 476
blight 0.0215 117 28 177 88
blight 0.0210 49 195 130 302
blight 0.0192 113 67 203 142
blight 0.0192 78 39 132 97
blight 0.0186 231 155 264 204
blight 0.0184 115 412 154 484
blight 0.0184 107 2 163 52
blight 0.0183 363 0 451 89
blight 0.0183 126 53 202 95
blight 0.0182 131 65 190 114
blight 0.0182 59 394 96 454
blight 0.0176 91 35 182 130
blight 0.0174 37 260 107 368
blight 0.0165 518 -6 588 128
blight 0.0165 0 511 30 572
blight 0.0164 561 -4 640 24
blight 0.0162 0 518 51 590
blight 0.0159 69 2 137 26
blight 0.0156 100 28 430 181
blight 0.0155 201 567 292 655
blight 0.0155 16 365 105 459
blight 0.0151 252 130 306 179
blight 0.0151 82 241 142 291
blight 0.0149 103 -13 137 38
blight 0.0147 62 8 114 73
blight 0.0145 545 492 606 592
blight 0.0140 198 531 303 599
blight 0.0140 209 546 257 605
blight 0.0140 67 402 108 469
blight 0.0139 -6 266 45 357
blight 0.0139 558 505 646 596
blight 0.0138 87 63 157 108
blight 0.0137 -123 -12 273 154
blight 0.0137 62 224 145 328
blight 0.0135 -3 354 54 431
blight 0.0135 88 82 155 126
blight 0.0134 140 25 192 80
blight 0.0132 576 582 627 632
blight 0.0131 -7 560 90 598
blight 0.0130 73 -12 110 34
blight 0.0130 530 147 588 192
blight 0.0128 582 530 618 594
blight 0.0128 323 -12 418 45
blight 0.0127 49 383 106 430
blight 0.0127 -27 571 49 649
blight 0.0126 -18 586 44 615
blight 0.0126 109 1 181 23
blight 0.0125 271 131 318 190
blight 0.0124 573 426 630 487
blight 0.0124 83 159 163 281
blight 0.0123 513 4 580 48
blight 0.0123 70 361 109 433
Anthrax 0.9778 131 121 540 582
Anthrax 0.1126 303 452 352 516
Anthrax 0.0856 0 251 48 341
Anthrax 0.0658 84 171 166 294
Anthrax 0.0395 560 469 595 547
Anthrax 0.0356 477 17 530 122
Anthrax 0.0344 -8 91 162 549
Anthrax 0.0338 -3 -4 88 44
Anthrax 0.0268 287 114 364 164
Anthrax 0.0244 116 139 189 258
Anthrax 0.0241 80 139 159 240
Anthrax 0.0217 233 4 360 46
Anthrax 0.0211 233 55 270 145
Anthrax 0.0199 135 376 172 463
Anthrax 0.0192 267 18 333 55
Anthrax 0.0188 90 386 174 479
Anthrax 0.0185 0 280 30 373
Anthrax 0.0179 301 424 348 489
Anthrax 0.0176 320 78 375 121
Anthrax 0.0173 93 183 156 253
Anthrax 0.0169 -6 -7 34 31
Anthrax 0.0168 6 387 92 467
Anthrax 0.0168 257 29 315 75
Anthrax 0.0160 436 428 488 505
Anthrax 0.0160 308 100 368 141
Anthrax 0.0158 460 400 542 498
Anthrax 0.0155 327 483 433 580
Anthrax 0.0154 24 10 118 86
Anthrax 0.0147 286 451 324 522
Anthrax 0.0145 96 234 147 299
Anthrax 0.0144 149 390 189 466
Anthrax 0.0144 264 95 372 177
Anthrax 0.0140 74 219 148 431
Anthrax 0.0137 113 382 154 463
Anthrax 0.0136 262 46 386 140
Anthrax 0.0134 -8 582 35 629
Anthrax 0.0134 -9 290 37 331
Anthrax 0.0133 304 18 352 71
Anthrax 0.0133 -1 241 26 323
Anthrax 0.0127 432 146 536 266
Anthrax 0.0124 -7 276 34 315
Anthrax 0.0124 0 180 46 430
Anthrax 0.0124 562 329 639 362
Anthrax 0.0123 569 514 612 715
Anthrax 0.0123 256 142 327 188
Anthrax 0.0122 328 0 388 31
Anthrax 0.0122 243 56 290 150
Anthrax 0.0122 182 51 277 147
Anthrax 0.0122 228 36 270 99
Anthrax 0.0121 297 57 376 117
