iouv 0.1084 2 278 103 340
iouv 0.0380 131 58 256 165
iouv 0.0367 9 95 110 170
iouv 0.0227 47 282 112 333
iouv 0.0179 2 135 145 264
iouv 0.0164 141 2 235 33
iouv 0.0156 0 118 120 198
iouv 0.0155 0 273 58 328
iouv 0.0148 4 86 56 147
iouv 0.0141 -2 98 48 256
iouv 0.0107 126 -1 281 42
blight 0.0229 137 143 194 193
blight 0.0218 574 39 628 98
blight 0.0188 172 163 222 232
blight 0.0184 -32 575 40 654
blight 0.0180 -10 579 36 625
blight 0.0177 175 554 281 599
blight 0.0172 558 34 604 92
blight 0.0162 563 586 635 615
blight 0.0157 559 -2 640 23
blight 0.0152 153 154 214 214
blight 0.0151 108 587 191 618
blight 0.0140 585 577 619 639
blight 0.0137 560 129 628 164
blight 0.0134 -16 -5 47 20
blight 0.0132 181 568 276 654
blight 0.0129 584 54 618 108
blight 0.0127 180 192 232 235
blight 0.0123 552 -14 590 37
blight 0.0119 561 72 637 101
blight 0.0109 318 410 397 463
blight 0.0109 148 180 204 222
blight 0.0107 582 20 615 90
blight 0.0103 168 579 255 611
blight 0.0102 -9 360 29 415
Anthrax 0.9972 107 218 366 427
Anthrax 0.0565 -4 0 149 42
Anthrax 0.0523 14 89 76 142
Anthrax 0.0427 102 63 192 148
Anthrax 0.0351 135 2 248 43
Anthrax 0.0330 123 71 270 148
Anthrax 0.0329 501 93 598 150
Anthrax 0.0318 104 66 147 125
Anthrax 0.0280 310 79 410 109
Anthrax 0.0252 114 298 163 359
Anthrax 0.0250 2 278 103 340
Anthrax 0.0230 106 288 187 378
Anthrax 0.0214 561 5 600 85
Anthrax 0.0209 131 233 238 314
Anthrax 0.0207 440 26 535 57
Anthrax 0.0191 341 -2 434 19
Anthrax 0.0186 0 48 109 128
Anthrax 0.0184 327 86 428 119
Anthrax 0.0178 538 165 590 234
Anthrax 0.0177 198 192 261 239
Anthrax 0.0170 134 230 188 273
Anthrax 0.0169 224 61 327 132
Anthrax 0.0165 3 80 51 150
Anthrax 0.0164 555 103 647 174
Anthrax 0.0160 563 108 637 140
Anthrax 0.0158 143 243 209 285
Anthrax 0.0158 572 114 623 166
Anthrax 0.0148 582 20 615 90
Anthrax 0.0146 246 7 339 43
Anthrax 0.0146 42 78 97 134
Anthrax 0.0145 63 5 156 39
Anthrax 0.0145 346 282 371 370
Anthrax 0.0145 260 207 331 259
Anthrax 0.0142 404 94 450 130
Anthrax 0.0139 536 106 598 146
Anthrax 0.0137 310 0 405 21
Anthrax 0.0136 374 100 439 131
Anthrax 0.0135 56 62 90 119
Anthrax 0.0133 311 42 394 71
Anthrax 0.0133 12 62 66 124
Anthrax 0.0132 564 111 597 171
Anthrax 0.0131 242 87 288 138
Anthrax 0.0129 84 71 135 129
Anthrax 0.0128 557 12 649 85
Anthrax 0.0128 322 232 405 264
Anthrax 0.0128 322 9 424 46
Anthrax 0.0128 143 2 201 36
Anthrax 0.0126 316 67 393 90
Anthrax 0.0125 110 47 168 100
