iouv 0.0488 312 507 431 591
iouv 0.0292 486 417 612 521
iouv 0.0226 104 528 250 602
iouv 0.0164 -18 487 120 605
iouv 0.0142 132 582 231 603
iouv 0.0141 354 507 398 575
iouv 0.0130 176 533 279 578
iouv 0.0126 -1 254 94 376
iouv 0.0112 581 -29 616 44
iouv 0.0105 506 315 609 395
iouv 0.0101 -2 502 23 596
iouv 0.0101 409 521 469 576
blight 0.0302 -29 558 50 649
blight 0.0285 441 517 518 562
blight 0.0266 298 302 365 343
blight 0.0247 462 539 500 593
blight 0.0236 335 288 397 326
blight 0.0234 433 146 562 185
blight 0.0231 -10 574 37 629
blight 0.0223 -2 91 30 148
blight 0.0201 522 189 597 237
blight 0.0191 453 522 521 593
blight 0.0189 272 274 388 360
blight 0.0186 577 188 628 245
blight 0.0182 -15 -19 53 50
blight 0.0179 558 183 602 239
blight 0.0177 214 143 460 202
blight 0.0165 -16 -2 49 24
blight 0.0161 424 422 484 460
blight 0.0157 158 147 245 194
blight 0.0155 520 50 609 134
blight 0.0154 361 387 418 429
blight 0.0153 458 173 562 249
blight 0.0153 395 220 464 280
blight 0.0149 444 188 528 234
blight 0.0147 324 294 358 349
blight 0.0145 548 210 604 251
blight 0.0144 548 587 633 616
blight 0.0142 447 157 520 197
blight 0.0141 213 346 253 404
blight 0.0140 -1 67 48 142
blight 0.0138 551 165 587 230
blight 0.0137 -3 3 77 53
blight 0.0136 355 145 593 212
blight 0.0136 505 78 593 124
blight 0.0131 117 0 209 22
blight 0.0130 385 566 576 610
blight 0.0130 199 413 283 468
blight 0.0128 155 55 238 114
blight 0.0125 -21 117 49 206
blight 0.0124 -10 21 52 99
blight 0.0123 326 368 393 416
blight 0.0121 493 142 589 172
blight 0.0119 281 161 308 209
blight 0.0119 -6 271 29 328
blight 0.0118 391 406 449 445
blight 0.0118 463 449 506 522
blight 0.0117 347 212 455 285
blight 0.0117 573 61 647 155
blight 0.0117 204 159 258 205
blight 0.0111 451 429 548 529
blight 0.0111 558 68 604 131
blight 0.0111 -2 -27 23 44
blight 0.0110 542 136 604 168
blight 0.0109 -3 40 34 106
blight 0.0109 534 166 572 222
blight 0.0109 357 293 418 327
blight 0.0108 446 436 507 470
blight 0.0107 571 -14 632 43
blight 0.0106 369 121 583 179
blight 0.0106 361 403 422 444
blight 0.0106 425 408 483 444
blight 0.0106 134 9 225 45
blight 0.0105 391 421 450 463
blight 0.0105 565 132 638 169
blight 0.0104 309 258 417 345
blight 0.0104 439 587 508 610
blight 0.0104 583 348 628 413
blight 0.0103 583 198 618 265
blight 0.0102 0 353 26 405
blight 0.0101 159 129 238 177
blight 0.0100 341 308 397 343
Anthrax 0.9947 -13 146 586 423
Anthrax 0.1290 474 8 545 109
Anthrax 0.0206 215 532 297 579
Anthrax 0.0198 433 146 562 185
Anthrax 0.0185 391 460 446 513
Anthrax 0.0184 469 323 548 354
Anthrax 0.0177 166 56 252 112
Anthrax 0.0167 393 430 450 479
Anthrax 0.0163 0 86 49 166
Anthrax 0.0159 -24 582 49 616
Anthrax 0.0157 -6 563 25 655
Anthrax 0.0155 159 490 205 551
Anthrax 0.0154 78 4 572 153
Anthrax 0.0152 -6 -7 33 33
Anthrax 0.0150 -1 81 25 176
Anthrax 0.0149 377 472 436 528
Anthrax 0.0143 416 487 466 572
Anthrax 0.0142 219 307 335 397
Anthrax 0.0141 -2 -27 23 44
Anthrax 0.0132 395 0 483 22
Anthrax 0.0127 548 587 633 616
Anthrax 0.0127 416 591 483 614
Anthrax 0.0127 313 513 438 591
Anthrax 0.0121 278 205 370 264
Anthrax 0.0121 352 246 425 283
Anthrax 0.0120 -3 -3 63 59
Anthrax 0.0115 382 594 455 614
Anthrax 0.0115 581 -29 616 44
Anthrax 0.0114 566 174 598 249
Anthrax 0.0114 567 536 614 699
Anthrax 0.0114 3 556 310 598
Anthrax 0.0113 167 158 204 215
Anthrax 0.0112 306 499 350 563
Anthrax 0.0111 288 590 366 608
Anthrax 0.0111 375 453 438 491
Anthrax 0.0111 439 587 508 610
Anthrax 0.0110 498 566 681 615
Anthrax 0.0108 -1 522 328 592
Anthrax 0.0108 181 497 216 548
Anthrax 0.0105 410 455 464 492
Anthrax 0.0102 150 154 189 216
Anthrax 0.0101 350 590 419 608
Anthrax 0.0101 158 147 245 194
Anthrax 0.0101 2 396 52 486
Anthrax 0.0100 144 161 223 210
