blight 0.0264 280 562 380 597
blight 0.0198 489 531 564 591
blight 0.0192 468 84 555 166
blight 0.0178 -22 346 38 435
blight 0.0176 279 568 375 652
blight 0.0171 443 -9 544 41
blight 0.0171 535 530 604 600
blight 0.0161 463 129 563 233
blight 0.0158 334 440 434 561
blight 0.0158 -21 -24 46 41
blight 0.0151 558 586 635 619
blight 0.0151 -8 -7 28 31
blight 0.0148 575 539 632 599
blight 0.0144 -18 370 33 409
blight 0.0141 477 105 535 140
blight 0.0140 463 127 526 180
blight 0.0137 276 370 320 438
blight 0.0135 386 466 441 512
blight 0.0134 444 323 510 366
blight 0.0129 362 289 418 329
blight 0.0128 446 7 535 71
blight 0.0126 385 383 428 473
blight 0.0126 269 467 340 509
blight 0.0124 489 33 581 131
blight 0.0122 468 114 523 158
blight 0.0122 -16 231 56 325
blight 0.0122 -19 356 27 395
blight 0.0117 252 -18 342 37
blight 0.0115 276 487 313 535
blight 0.0115 435 117 474 150
blight 0.0113 582 577 618 632
blight 0.0112 -6 44 24 102
blight 0.0110 350 273 406 315
blight 0.0110 36 -19 127 36
blight 0.0109 458 303 533 355
blight 0.0109 446 131 516 215
blight 0.0108 537 384 597 454
blight 0.0106 506 281 575 329
blight 0.0106 354 264 444 313
blight 0.0106 440 126 471 205
blight 0.0106 446 121 501 178
blight 0.0105 273 581 352 605
blight 0.0104 -5 74 24 141
blight 0.0103 326 579 363 622
blight 0.0102 429 449 499 500
blight 0.0102 579 192 627 246
blight 0.0101 571 59 626 122
blight 0.0101 557 -4 640 22
Anthrax 0.9580 105 139 416 593
Anthrax 0.0316 109 307 158 417
Anthrax 0.0247 120 305 196 428
Anthrax 0.0198 340 247 391 311
Anthrax 0.0191 170 288 422 733
Anthrax 0.0177 403 408 436 505
Anthrax 0.0173 387 370 426 452
Anthrax 0.0163 108 472 155 522
Anthrax 0.0160 319 393 421 504
Anthrax 0.0159 329 339 424 459
Anthrax 0.0151 323 238 398 337
Anthrax 0.0150 82 345 349 773
Anthrax 0.0140 102 344 177 456
Anthrax 0.0139 116 368 158 449
Anthrax 0.0131 280 175 364 273
Anthrax 0.0130 197 140 289 282
Anthrax 0.0125 352 297 432 402
Anthrax 0.0116 383 311 435 378
Anthrax 0.0116 283 499 403 600
Anthrax 0.0114 404 384 434 465
Anthrax 0.0114 164 230 251 335
Anthrax 0.0112 391 431 426 522
Anthrax 0.0111 359 -5 458 21
Anthrax 0.0108 223 98 307 248
Anthrax 0.0108 148 325 199 387
Anthrax 0.0106 558 586 635 619
Anthrax 0.0104 580 216 617 274
Anthrax 0.0102 -13 110 82 510
Anthrax 0.0102 128 333 173 414
Anthrax 0.0101 122 490 235 591
Anthrax 0.0100 -4 339 38 592
Anthrax 0.0100 208 -9 259 28
