iouv 0.0700 38 -8 377 512
iouv 0.0186 111 430 197 517
iouv 0.0174 367 293 433 421
iouv 0.0140 316 299 369 377
iouv 0.0118 192 514 291 608
blight 0.0446 375 419 424 486
blight 0.0300 391 1 427 33
blight 0.0296 228 267 314 359
blight 0.0270 358 450 398 534
blight 0.0268 210 582 296 611
blight 0.0265 350 489 405 542
blight 0.0248 375 557 510 589
blight 0.0246 335 533 399 567
blight 0.0245 340 520 404 553
blight 0.0208 378 -3 417 31
blight 0.0207 191 336 216 422
blight 0.0195 307 587 382 614
blight 0.0186 381 391 428 469
blight 0.0185 405 -12 439 33
blight 0.0185 203 379 236 404
blight 0.0179 -24 564 51 648
blight 0.0178 578 -7 626 37
blight 0.0178 395 414 444 482
blight 0.0175 196 369 224 427
blight 0.0173 394 6 441 44
blight 0.0172 315 561 398 597
blight 0.0168 208 372 256 406
blight 0.0166 347 469 425 560
blight 0.0165 311 567 392 654
blight 0.0164 251 295 306 349
blight 0.0160 372 441 408 520
blight 0.0159 196 297 236 419
blight 0.0158 206 309 256 404
blight 0.0157 408 1 465 21
blight 0.0157 358 454 412 485
blight 0.0156 -17 -4 48 20
blight 0.0153 -6 -7 26 30
blight 0.0153 360 440 403 471
blight 0.0151 169 561 273 598
blight 0.0147 332 546 401 583
blight 0.0144 -3 16 26 65
blight 0.0137 181 588 255 613
blight 0.0130 325 496 413 582
blight 0.0130 359 482 417 521
blight 0.0128 545 0 587 33
blight 0.0127 362 428 442 504
blight 0.0127 -17 139 40 234
blight 0.0125 495 -2 545 33
blight 0.0125 536 -18 569 27
blight 0.0124 248 589 336 619
blight 0.0124 313 519 402 613
blight 0.0124 388 -8 459 59
blight 0.0123 581 572 620 631
blight 0.0122 -10 8 45 33
blight 0.0121 -3 575 25 637
blight 0.0121 436 -4 498 18
blight 0.0117 0 -6 17 60
blight 0.0115 466 -8 509 30
blight 0.0115 367 466 425 503
blight 0.0115 571 -20 596 39
blight 0.0114 -4 7 51 62
blight 0.0113 -11 24 37 50
blight 0.0113 370 494 425 540
blight 0.0112 520 -17 552 25
blight 0.0111 368 -22 432 39
blight 0.0111 362 415 396 508
blight 0.0111 430 586 511 610
blight 0.0109 329 503 393 535
blight 0.0107 195 365 240 400
blight 0.0107 575 42 599 102
blight 0.0106 244 572 289 627
blight 0.0106 583 12 612 75
blight 0.0103 394 581 488 607
blight 0.0102 343 512 382 587
blight 0.0100 577 51 624 103
Anthrax 0.9856 33 5 357 513
Anthrax 0.9760 354 3 591 481
Anthrax 0.1135 367 102 410 168
Anthrax 0.1092 369 294 423 456
Anthrax 0.0864 122 210 177 259
Anthrax 0.0801 224 338 311 427
Anthrax 0.0518 27 355 116 459
Anthrax 0.0516 118 309 171 355
Anthrax 0.0497 245 227 341 348
Anthrax 0.0446 34 371 87 431
Anthrax 0.0430 443 372 498 407
Anthrax 0.0389 278 112 345 237
Anthrax 0.0386 172 205 201 232
Anthrax 0.0362 433 217 467 243
Anthrax 0.0361 375 126 409 162
Anthrax 0.0336 358 145 391 267
Anthrax 0.0314 362 112 398 195
Anthrax 0.0313 426 208 474 249
Anthrax 0.0303 141 129 186 177
Anthrax 0.0298 23 365 64 433
Anthrax 0.0292 371 300 420 370
Anthrax 0.0291 219 367 286 410
Anthrax 0.0290 382 348 433 449
Anthrax 0.0285 346 245 373 336
Anthrax 0.0283 151 208 199 246
Anthrax 0.0279 520 263 571 304
Anthrax 0.0278 437 84 684 479
Anthrax 0.0263 442 352 508 401
Anthrax 0.0261 501 222 600 326
Anthrax 0.0260 59 117 135 232
Anthrax 0.0250 38 272 87 341
Anthrax 0.0248 391 1 427 33
Anthrax 0.0245 394 6 441 44
Anthrax 0.0234 270 254 324 316
Anthrax 0.0232 142 112 191 160
Anthrax 0.0230 460 158 509 209
Anthrax 0.0230 378 245 405 315
Anthrax 0.0223 86 154 134 209
Anthrax 0.0222 391 234 420 294
Anthrax 0.0219 378 -3 417 31
Anthrax 0.0215 42 252 126 343
Anthrax 0.0214 119 391 179 450
Anthrax 0.0214 280 141 324 223
Anthrax 0.0214 -3 575 25 637
Anthrax 0.0212 304 118 348 199
Anthrax 0.0209 359 43 393 141
