iouv 0.1504 1 168 41 279
iouv 0.0274 92 192 195 257
iouv 0.0106 -4 174 29 248
iouv 0.0106 148 478 542 596
iouv 0.0103 15 254 352 443
iouv 0.0100 -1 247 49 434
blight 0.0409 506 272 603 326
blight 0.0332 22 255 341 448
blight 0.0222 -7 -6 28 28
blight 0.0209 562 588 630 613
blight 0.0194 -15 -21 47 41
blight 0.0191 538 289 599 325
blight 0.0163 -3 192 47 287
blight 0.0161 474 -20 499 21
blight 0.0160 584 506 610 558
blight 0.0160 336 238 379 284
blight 0.0159 -12 11 37 42
blight 0.0158 182 260 214 314
blight 0.0151 579 -10 628 35
blight 0.0150 311 -2 413 22
blight 0.0149 183 249 213 291
blight 0.0148 193 -14 275 36
blight 0.0145 -12 69 40 103
blight 0.0144 458 -17 484 21
blight 0.0139 -3 281 22 376
blight 0.0139 167 244 200 287
blight 0.0139 0 60 21 134
blight 0.0137 585 580 619 628
blight 0.0132 167 -3 262 21
blight 0.0132 -29 559 218 604
blight 0.0130 -13 82 44 117
blight 0.0130 165 260 200 309
blight 0.0129 12 -20 41 22
blight 0.0128 200 248 227 290
blight 0.0127 490 -23 514 21
blight 0.0125 575 493 617 548
blight 0.0125 548 283 632 318
blight 0.0121 -5 0 67 23
blight 0.0121 566 570 634 595
blight 0.0121 338 1 379 44
blight 0.0121 540 -19 565 27
blight 0.0120 577 531 626 577
blight 0.0119 -31 568 48 649
blight 0.0119 571 289 623 332
blight 0.0119 572 484 598 547
blight 0.0119 523 -21 545 22
blight 0.0118 -1 65 88 105
blight 0.0117 588 128 617 189
blight 0.0111 -3 354 21 432
blight 0.0111 560 -2 642 22
blight 0.0111 218 247 243 286
blight 0.0111 572 430 598 498
blight 0.0110 199 258 230 316
blight 0.0108 574 -21 598 35
blight 0.0107 96 228 135 274
blight 0.0106 -4 225 30 284
blight 0.0106 574 522 626 551
blight 0.0104 556 -19 586 31
blight 0.0104 585 429 615 493
blight 0.0104 70 440 111 498
blight 0.0103 -12 0 51 64
blight 0.0100 323 6 363 48
blight 0.0100 524 493 586 540
Anthrax 0.7847 271 291 331 345
Anthrax 0.7838 93 195 192 254
Anthrax 0.1092 129 198 201 239
Anthrax 0.1059 -2 175 40 277
Anthrax 0.0750 -5 22 100 80
Anthrax 0.0461 90 210 152 250
Anthrax 0.0395 180 231 267 266
Anthrax 0.0389 212 235 300 269
Anthrax 0.0345 263 287 354 369
Anthrax 0.0337 123 216 197 256
Anthrax 0.0330 279 245 367 282
Anthrax 0.0260 387 267 592 338
Anthrax 0.0260 158 213 219 249
Anthrax 0.0257 301 293 344 366
Anthrax 0.0226 148 229 217 260
Anthrax 0.0217 39 221 351 437
Anthrax 0.0206 147 195 209 219
Anthrax 0.0204 181 217 245 251
Anthrax 0.0187 251 240 331 270
Anthrax 0.0187 287 275 352 319
Anthrax 0.0178 11 358 110 447
Anthrax 0.0176 -7 195 29 240
Anthrax 0.0167 37 209 69 261
Anthrax 0.0160 499 131 554 162
Anthrax 0.0156 195 461 261 479
Anthrax 0.0156 241 279 322 332
Anthrax 0.0154 85 227 142 260
Anthrax 0.0154 13 250 65 278
Anthrax 0.0154 527 485 586 522
Anthrax 0.0152 390 -2 585 47
Anthrax 0.0152 37 254 95 277
