iouv 0.0251 216 164 291 227
iouv 0.0212 453 501 519 542
iouv 0.0146 568 221 594 309
iouv 0.0132 5 300 45 549
iouv 0.0121 434 512 500 565
iouv 0.0117 394 594 447 612
iouv 0.0110 568 194 594 269
iouv 0.0109 427 591 486 611
iouv 0.0109 375 254 472 354
blight 0.0625 548 6 592 75
blight 0.0521 530 191 567 267
blight 0.0493 25 236 50 302
blight 0.0438 548 45 594 100
blight 0.0373 521 157 580 261
blight 0.0368 569 -14 597 49
blight 0.0365 232 190 296 234
blight 0.0361 185 265 214 319
blight 0.0360 518 418 549 490
blight 0.0357 282 98 309 151
blight 0.0352 488 160 524 212
blight 0.0351 4 213 39 292
blight 0.0347 534 446 570 514
blight 0.0339 184 281 217 342
blight 0.0334 554 -15 585 51
blight 0.0333 136 221 172 276
blight 0.0326 265 96 289 154
blight 0.0313 197 260 230 322
blight 0.0311 82 151 134 208
blight 0.0311 2 0 46 59
blight 0.0310 16 10 67 45
blight 0.0310 564 -2 631 23
blight 0.0304 120 214 155 269
blight 0.0300 534 157 564 238
blight 0.0295 391 520 425 586
blight 0.0295 539 17 569 79
blight 0.0293 238 476 269 544
blight 0.0291 568 433 595 505
blight 0.0290 0 208 21 297
blight 0.0285 -5 -4 28 32
blight 0.0277 11 263 38 345
blight 0.0274 264 68 289 111
blight 0.0273 546 439 587 497
blight 0.0272 252 89 276 141
blight 0.0266 -15 -19 45 49
blight 0.0266 522 173 558 248
blight 0.0262 1 502 26 599
blight 0.0257 14 11 100 101
blight 0.0256 583 437 610 506
blight 0.0254 183 180 216 235
blight 0.0254 187 226 214 272
blight 0.0252 166 246 193 298
blight 0.0252 250 67 275 108
blight 0.0251 543 -15 571 42
blight 0.0250 9 253 44 308
blight 0.0247 247 458 280 538
blight 0.0243 169 263 197 318
blight 0.0240 567 233 594 319
blight 0.0235 536 424 568 483
blight 0.0235 164 285 201 342
blight 0.0235 146 230 183 289
blight 0.0234 201 201 235 250
blight 0.0233 183 249 211 297
blight 0.0230 588 503 613 577
blight 0.0223 568 6 624 44
blight 0.0222 322 8 361 62
blight 0.0219 583 575 615 627
blight 0.0216 410 510 446 577
blight 0.0215 236 441 264 507
blight 0.0214 0 278 28 331
blight 0.0214 0 257 28 309
blight 0.0213 584 -18 615 40
blight 0.0213 79 264 129 316
blight 0.0212 132 202 164 254
blight 0.0212 200 362 227 427
blight 0.0210 478 196 520 266
blight 0.0209 552 211 584 305
blight 0.0208 422 566 492 593
blight 0.0204 81 171 132 233
blight 0.0204 502 150 536 212
blight 0.0202 119 233 151 291
blight 0.0201 421 494 461 558
blight 0.0198 582 227 612 303
blight 0.0197 569 495 595 580
blight 0.0194 489 146 549 239
blight 0.0192 561 18 597 61
blight 0.0192 186 206 216 255
blight 0.0190 392 571 442 594
blight 0.0190 217 378 243 438
blight 0.0190 197 180 233 235
blight 0.0189 551 520 587 578
blight 0.0189 42 233 68 298
blight 0.0188 493 -2 579 19
blight 0.0188 504 195 536 253
blight 0.0188 46 137 104 212
blight 0.0188 578 11 611 69
blight 0.0187 485 224 518 288
Anthrax 0.9997 334 71 497 254
Anthrax 0.9996 242 224 505 442
Anthrax 0.2968 5 319 46 548
Anthrax 0.1830 10 170 71 215
Anthrax 0.1193 5 440 38 553
Anthrax 0.1012 374 86 472 192
Anthrax 0.0640 7 335 38 464
Anthrax 0.0604 213 159 294 234
Anthrax 0.0542 0 414 27 529
Anthrax 0.0510 404 116 497 250
Anthrax 0.0484 -1 23 40 123
Anthrax 0.0471 332 128 427 241
Anthrax 0.0446 133 295 186 344
Anthrax 0.0391 379 70 462 144
Anthrax 0.0380 415 506 502 585
Anthrax 0.0374 506 59 560 114
Anthrax 0.0362 482 74 521 144
Anthrax 0.0357 472 108 500 191
Anthrax 0.0346 0 360 26 488
Anthrax 0.0307 15 101 95 218
Anthrax 0.0273 473 87 510 164
Anthrax 0.0273 3 197 42 429
Anthrax 0.0269 231 198 319 273
Anthrax 0.0268 349 333 491 445
Anthrax 0.0264 420 512 463 587
Anthrax 0.0259 0 49 25 142
Anthrax 0.0258 236 145 280 206
Anthrax 0.0254 304 116 510 326
Anthrax 0.0251 3 178 38 224
Anthrax 0.0248 446 119 492 221
Anthrax 0.0246 -5 518 36 717
