iouv 0.0788 491 505 604 590
iouv 0.0623 -10 65 431 431
iouv 0.0280 323 583 424 607
iouv 0.0225 571 434 600 503
iouv 0.0130 510 -17 597 47
iouv 0.0121 551 588 635 616
iouv 0.0117 357 586 462 608
iouv 0.0114 304 522 467 599
blight 0.0237 379 91 427 154
blight 0.0228 309 83 399 144
blight 0.0205 377 173 467 222
blight 0.0200 531 356 585 415
blight 0.0179 -32 567 51 651
blight 0.0173 508 404 570 444
blight 0.0169 348 267 383 354
blight 0.0167 358 7 426 65
blight 0.0156 337 71 430 151
blight 0.0154 -15 -1 53 23
blight 0.0151 20 127 86 175
blight 0.0151 473 363 574 443
blight 0.0144 577 170 628 224
blight 0.0140 321 93 372 155
blight 0.0139 490 162 595 207
blight 0.0135 -23 157 36 242
blight 0.0135 -23 587 44 615
blight 0.0135 -12 65 50 145
blight 0.0133 -15 -21 51 40
blight 0.0129 188 71 275 106
blight 0.0127 470 402 535 438
blight 0.0126 -21 318 33 400
blight 0.0126 -15 428 46 507
blight 0.0124 360 190 442 236
blight 0.0120 388 449 453 514
blight 0.0118 578 375 629 437
blight 0.0117 458 571 545 597
blight 0.0116 526 176 600 218
blight 0.0114 363 282 402 315
blight 0.0114 -3 -4 33 31
blight 0.0113 -14 469 38 506
blight 0.0112 -27 187 46 275
blight 0.0111 318 53 372 97
blight 0.0111 127 129 180 179
blight 0.0110 510 419 590 464
blight 0.0109 -6 346 25 399
blight 0.0108 -22 232 37 267
blight 0.0108 212 77 395 154
blight 0.0108 157 111 211 163
blight 0.0107 189 94 249 145
blight 0.0106 355 234 387 328
blight 0.0105 586 359 616 426
blight 0.0103 -15 182 31 216
blight 0.0102 -16 436 38 476
blight 0.0101 571 407 629 440
blight 0.0100 540 66 593 113
Anthrax 0.9746 22 63 441 455
Anthrax 0.1370 491 505 604 590
Anthrax 0.0526 219 196 314 260
Anthrax 0.0346 319 84 386 142
Anthrax 0.0255 -3 -4 33 31
Anthrax 0.0252 382 93 431 155
Anthrax 0.0234 355 283 385 361
Anthrax 0.0225 341 298 378 388
Anthrax 0.0224 484 30 534 100
Anthrax 0.0218 369 4 468 50
Anthrax 0.0212 551 588 635 616
Anthrax 0.0204 518 304 587 358
Anthrax 0.0195 339 66 434 117
Anthrax 0.0183 -15 -1 53 23
Anthrax 0.0182 332 203 382 260
Anthrax 0.0180 518 -6 581 39
Anthrax 0.0167 532 426 594 480
Anthrax 0.0165 -5 3 83 40
Anthrax 0.0162 523 481 583 535
Anthrax 0.0156 358 227 388 315
Anthrax 0.0155 324 129 375 205
Anthrax 0.0147 -1 405 19 500
Anthrax 0.0146 531 45 581 100
Anthrax 0.0143 554 580 651 657
Anthrax 0.0142 367 92 453 172
Anthrax 0.0138 6 427 46 501
Anthrax 0.0134 581 -25 616 44
Anthrax 0.0133 -3 210 21 292
Anthrax 0.0132 349 216 387 252
Anthrax 0.0131 -3 -1 22 79
Anthrax 0.0130 0 243 49 320
Anthrax 0.0126 398 431 449 508
Anthrax 0.0126 365 221 433 411
Anthrax 0.0126 571 434 600 503
Anthrax 0.0125 580 580 619 632
Anthrax 0.0123 571 478 596 582
Anthrax 0.0123 3 0 109 26
Anthrax 0.0122 341 168 379 248
Anthrax 0.0122 541 457 599 513
Anthrax 0.0122 491 483 565 523
Anthrax 0.0121 31 237 74 313
Anthrax 0.0120 336 108 404 160
Anthrax 0.0119 -22 246 37 281
Anthrax 0.0119 575 444 627 502
Anthrax 0.0117 230 201 273 260
Anthrax 0.0115 -5 572 21 642
Anthrax 0.0114 354 173 389 258
Anthrax 0.0113 46 213 92 308
Anthrax 0.0112 354 333 391 403
Anthrax 0.0112 -3 343 20 433
