iouv 0.0949 513 74 593 160
iouv 0.0311 560 91 595 176
iouv 0.0162 481 306 593 434
iouv 0.0136 560 0 598 75
iouv 0.0132 582 -17 617 39
iouv 0.0129 509 351 618 441
iouv 0.0127 370 319 476 365
iouv 0.0126 137 291 408 400
iouv 0.0113 46 94 173 195
blight 0.1085 523 -2 595 98
blight 0.0385 278 3 341 47
blight 0.0345 575 -5 626 36
blight 0.0336 501 84 540 138
blight 0.0312 463 92 521 143
blight 0.0286 514 75 570 144
blight 0.0275 -7 -6 27 31
blight 0.0273 485 72 527 135
blight 0.0252 399 274 475 317
blight 0.0245 492 157 524 218
blight 0.0241 541 16 607 81
blight 0.0236 382 273 436 318
blight 0.0227 454 99 493 181
blight 0.0209 379 81 472 115
blight 0.0207 446 62 530 147
blight 0.0200 263 -12 365 50
blight 0.0199 532 32 582 117
blight 0.0196 443 92 474 156
blight 0.0196 184 410 259 503
blight 0.0194 366 278 419 326
blight 0.0193 196 411 237 482
blight 0.0190 563 -23 649 50
blight 0.0187 276 0 403 65
blight 0.0186 212 413 251 483
blight 0.0180 551 122 590 194
blight 0.0180 13 279 70 340
blight 0.0174 552 0 613 24
blight 0.0173 572 262 627 331
blight 0.0173 546 0 595 54
blight 0.0172 0 288 29 343
blight 0.0170 344 201 374 253
blight 0.0170 7 394 42 487
blight 0.0163 268 6 321 37
blight 0.0162 570 155 617 182
blight 0.0162 -20 -21 40 42
blight 0.0159 566 110 596 181
blight 0.0158 455 312 494 374
blight 0.0158 118 523 155 583
blight 0.0156 477 156 506 215
blight 0.0155 205 406 259 446
blight 0.0153 -2 4 30 55
blight 0.0151 502 191 554 232
blight 0.0151 504 148 542 216
blight 0.0151 234 0 330 30
blight 0.0148 584 122 612 190
blight 0.0147 23 -14 56 37
blight 0.0146 429 83 457 132
blight 0.0146 487 -4 569 22
blight 0.0144 228 412 265 485
blight 0.0141 156 -27 184 12
blight 0.0141 483 105 524 149
blight 0.0141 519 -3 567 76
blight 0.0141 529 116 601 168
blight 0.0141 305 404 344 457
blight 0.0140 538 281 601 341
blight 0.0139 581 241 612 319
blight 0.0139 395 261 446 308
blight 0.0139 401 280 495 351
blight 0.0138 417 95 463 151
blight 0.0137 82 488 122 567
blight 0.0137 506 41 543 120
blight 0.0136 567 -17 600 41
blight 0.0136 139 -26 168 19
blight 0.0135 563 588 631 615
blight 0.0135 294 402 330 452
blight 0.0135 535 153 575 206
blight 0.0134 506 -28 541 37
blight 0.0133 0 296 20 377
blight 0.0132 53 276 86 332
blight 0.0132 100 310 139 383
blight 0.0131 446 95 529 178
blight 0.0129 490 -25 567 39
blight 0.0127 18 -1 63 58
blight 0.0126 0 433 21 516
blight 0.0126 180 -6 226 25
blight 0.0126 409 -3 476 18
blight 0.0125 278 222 313 269
blight 0.0125 71 491 105 572
blight 0.0124 101 522 141 581
blight 0.0124 123 302 156 361
blight 0.0124 328 201 356 257
blight 0.0123 469 68 511 125
Anthrax 0.9921 385 450 545 533
Anthrax 0.9751 297 -2 449 81
Anthrax 0.9620 152 292 413 397
Anthrax 0.4293 521 236 581 295
Anthrax 0.1668 251 -2 342 45
Anthrax 0.1464 526 -2 592 59
Anthrax 0.1084 155 285 274 363
Anthrax 0.0997 284 3 363 50
Anthrax 0.0837 444 462 545 520
Anthrax 0.0761 155 298 246 342
Anthrax 0.0654 397 478 508 536
Anthrax 0.0615 513 74 593 160
Anthrax 0.0579 334 35 445 91
Anthrax 0.0564 306 1 409 54
Anthrax 0.0504 297 1 387 29
Anthrax 0.0452 144 296 203 352
Anthrax 0.0414 493 314 579 350
Anthrax 0.0408 203 292 282 341
