iouv 0.0195 559 289 598 376
iouv 0.0152 430 324 537 426
iouv 0.0144 465 316 570 394
iouv 0.0108 490 314 554 371
iouv 0.0101 352 313 464 399
blight 0.0432 307 372 406 406
blight 0.0284 44 230 78 287
blight 0.0255 9 140 37 206
blight 0.0238 52 233 102 294
blight 0.0204 -2 111 19 209
blight 0.0187 24 152 53 197
blight 0.0180 -5 149 25 199
blight 0.0176 24 226 59 288
blight 0.0172 576 -13 629 34
blight 0.0167 41 155 68 196
blight 0.0157 6 136 65 171
blight 0.0150 -3 182 27 231
blight 0.0147 6 100 36 189
blight 0.0145 332 390 411 420
blight 0.0144 4 151 65 189
blight 0.0137 544 234 599 314
blight 0.0136 0 154 17 235
blight 0.0133 -3 356 24 406
blight 0.0126 -5 214 25 264
blight 0.0125 15 211 41 270
blight 0.0124 -28 577 41 651
blight 0.0122 519 -24 605 43
blight 0.0121 -21 -6 35 20
blight 0.0118 -9 588 31 630
blight 0.0117 521 210 596 300
blight 0.0117 -6 114 26 170
blight 0.0116 375 496 403 538
blight 0.0116 343 3 443 73
blight 0.0115 564 -30 652 49
blight 0.0114 56 153 84 197
blight 0.0112 0 188 17 267
blight 0.0112 -4 451 23 499
blight 0.0112 -3 324 24 374
blight 0.0110 -3 388 25 438
blight 0.0108 -6 -10 24 28
blight 0.0107 5 163 54 212
blight 0.0107 359 497 388 541
blight 0.0106 558 336 632 378
blight 0.0105 -2 257 30 312
blight 0.0102 -2 485 25 531
blight 0.0101 -3 417 24 469
blight 0.0101 11 177 38 239
blight 0.0101 -3 -26 20 49
Anthrax 0.9990 65 241 436 479
Anthrax 0.0514 358 309 407 354
Anthrax 0.0366 381 300 466 347
Anthrax 0.0255 58 234 168 336
Anthrax 0.0221 50 237 107 286
Anthrax 0.0200 96 261 137 316
Anthrax 0.0191 77 252 123 322
Anthrax 0.0181 -3 581 21 640
Anthrax 0.0176 369 419 407 480
Anthrax 0.0162 -1 349 16 423
Anthrax 0.0159 485 -4 598 47
Anthrax 0.0158 109 25 454 359
Anthrax 0.0151 -2 379 16 457
Anthrax 0.0151 172 336 246 391
Anthrax 0.0148 107 593 135 630
Anthrax 0.0143 401 -27 520 55
Anthrax 0.0140 -2 408 16 490
Anthrax 0.0139 -2 443 15 518
Anthrax 0.0139 91 592 119 629
Anthrax 0.0137 79 270 169 367
Anthrax 0.0134 123 594 151 631
Anthrax 0.0131 44 150 114 189
Anthrax 0.0131 378 592 407 631
Anthrax 0.0130 394 592 423 631
Anthrax 0.0128 344 -12 439 59
Anthrax 0.0127 77 246 140 284
Anthrax 0.0127 -2 317 16 390
Anthrax 0.0126 363 592 390 631
Anthrax 0.0124 458 591 486 627
Anthrax 0.0124 410 591 439 630
Anthrax 0.0123 399 311 476 366
Anthrax 0.0122 -6 532 34 724
Anthrax 0.0122 75 591 103 629
Anthrax 0.0121 474 591 501 627
Anthrax 0.0121 443 591 470 628
Anthrax 0.0120 215 259 251 306
Anthrax 0.0120 554 -6 637 23
Anthrax 0.0120 -2 505 16 586
Anthrax 0.0120 -2 477 16 552
Anthrax 0.0119 426 591 454 629
Anthrax 0.0119 467 593 530 615
Anthrax 0.0112 139 594 167 633
Anthrax 0.0112 251 591 278 631
Anthrax 0.0111 90 255 159 300
Anthrax 0.0111 235 591 262 632
Anthrax 0.0110 347 592 374 632
Anthrax 0.0109 34 230 83 273
Anthrax 0.0108 521 -7 579 32
Anthrax 0.0105 219 591 246 632
Anthrax 0.0105 186 592 214 632
Anthrax 0.0105 435 593 497 616
Anthrax 0.0105 462 596 513 630
Anthrax 0.0104 202 592 230 632
Anthrax 0.0103 170 593 198 632
Anthrax 0.0103 154 593 182 633
Anthrax 0.0102 481 417 609 536
Anthrax 0.0102 83 564 344 613
Anthrax 0.0101 59 590 86 628
Anthrax 0.0100 91 277 136 347
Anthrax 0.0100 -1 264 19 344
