iouv 0.0174 175 182 432 495
iouv 0.0103 319 211 410 329
blight 0.0286 586 579 616 629
blight 0.0195 564 589 627 615
blight 0.0191 8 570 70 598
blight 0.0189 -27 570 44 648
blight 0.0173 569 428 592 487
blight 0.0172 587 477 613 540
blight 0.0164 254 513 315 552
blight 0.0163 561 -2 634 22
blight 0.0160 583 431 610 494
blight 0.0156 -4 -21 19 45
blight 0.0154 490 72 520 120
blight 0.0151 551 484 583 543
blight 0.0151 570 579 596 619
blight 0.0144 534 464 566 523
blight 0.0143 0 543 60 595
blight 0.0143 -5 583 34 626
blight 0.0143 588 93 612 162
blight 0.0135 235 585 261 617
blight 0.0133 -3 238 28 296
blight 0.0132 442 -18 469 33
blight 0.0132 475 -16 501 35
blight 0.0130 588 511 614 572
blight 0.0129 491 -14 518 36
blight 0.0127 588 63 612 127
blight 0.0126 568 569 628 598
blight 0.0125 459 -18 484 34
blight 0.0124 567 486 593 552
blight 0.0123 2 561 36 605
blight 0.0123 168 524 196 568
blight 0.0121 219 585 246 619
blight 0.0120 552 435 585 484
blight 0.0120 252 535 307 563
blight 0.0120 152 523 179 567
blight 0.0119 523 469 552 525
blight 0.0118 586 543 613 597
blight 0.0118 554 577 582 615
blight 0.0117 330 -15 356 32
blight 0.0116 315 -16 340 30
blight 0.0116 363 -16 389 31
blight 0.0116 120 521 147 563
blight 0.0115 347 -15 373 32
blight 0.0114 90 590 119 625
blight 0.0113 536 504 565 562
blight 0.0113 105 523 133 565
blight 0.0110 185 528 212 570
blight 0.0110 426 -17 454 30
blight 0.0110 0 531 33 582
blight 0.0109 249 586 277 616
blight 0.0109 -19 -2 34 22
blight 0.0108 584 -21 614 34
blight 0.0108 136 521 162 565
blight 0.0107 567 523 595 584
blight 0.0107 74 592 104 625
blight 0.0107 219 573 273 596
blight 0.0107 489 20 517 62
blight 0.0105 540 578 567 612
blight 0.0103 235 558 261 590
blight 0.0102 0 515 30 565
blight 0.0102 575 459 611 488
blight 0.0102 -2 484 29 535
blight 0.0101 587 192 616 250
blight 0.0101 525 581 550 613
blight 0.0101 235 543 263 580
blight 0.0100 378 -17 405 28
blight 0.0100 300 -17 325 29
blight 0.0100 107 588 135 624
Anthrax 0.8247 214 381 262 428
Anthrax 0.0605 194 367 263 445
Anthrax 0.0302 380 192 442 218
Anthrax 0.0263 202 374 247 422
Anthrax 0.0236 161 106 447 485
Anthrax 0.0232 196 99 247 137
Anthrax 0.0214 564 589 627 615
Anthrax 0.0209 287 143 328 173
Anthrax 0.0187 287 593 336 627
Anthrax 0.0185 404 263 446 298
Anthrax 0.0184 90 590 119 625
Anthrax 0.0175 107 588 135 624
Anthrax 0.0167 241 591 288 624
Anthrax 0.0167 299 586 326 620
Anthrax 0.0163 307 323 410 429
Anthrax 0.0162 74 592 104 625
Anthrax 0.0161 123 588 150 624
Anthrax 0.0157 319 592 370 626
Anthrax 0.0156 282 134 313 153
Anthrax 0.0155 128 594 175 628
Anthrax 0.0151 281 138 321 189
Anthrax 0.0150 586 579 616 629
Anthrax 0.0150 291 593 357 613
Anthrax 0.0150 103 593 163 613
Anthrax 0.0148 159 593 210 627
Anthrax 0.0148 207 592 256 625
Anthrax 0.0144 315 586 342 621
Anthrax 0.0143 190 398 245 438
Anthrax 0.0140 66 593 133 615
Anthrax 0.0139 429 591 482 630
Anthrax 0.0138 282 586 311 619
Anthrax 0.0137 235 585 261 617
Anthrax 0.0136 155 590 183 626
Anthrax 0.0135 8 570 70 598
Anthrax 0.0135 457 594 515 613
Anthrax 0.0131 228 378 264 412
Anthrax 0.0130 426 587 454 627
Anthrax 0.0130 187 588 216 623
Anthrax 0.0128 292 141 340 204
Anthrax 0.0127 -4 -21 19 45
Anthrax 0.0127 249 586 277 616
Anthrax 0.0127 119 445 152 467
Anthrax 0.0125 259 593 325 613
Anthrax 0.0125 543 251 583 278
Anthrax 0.0123 219 585 246 619
Anthrax 0.0122 136 593 197 612
Anthrax 0.0122 -1 576 21 634
Anthrax 0.0121 410 589 438 627
Anthrax 0.0120 560 577 646 657
Anthrax 0.0120 204 586 231 621
Anthrax 0.0119 575 459 611 488
Anthrax 0.0118 -13 586 38 611
Anthrax 0.0115 267 145 296 168
Anthrax 0.0115 573 522 618 719
Anthrax 0.0113 265 586 295 618
Anthrax 0.0113 57 591 87 622
Anthrax 0.0113 184 388 234 424
Anthrax 0.0112 561 -2 634 22
Anthrax 0.0110 287 130 328 154
Anthrax 0.0109 377 198 423 226
Anthrax 0.0106 395 591 422 626
Anthrax 0.0105 558 250 620 277
Anthrax 0.0105 412 101 460 131
Anthrax 0.0104 351 595 402 628
Anthrax 0.0104 137 218 182 245
Anthrax 0.0103 164 592 229 612
Anthrax 0.0101 260 154 297 185
Anthrax 0.0100 375 238 409 298
Anthrax 0.0100 568 569 628 598
Anthrax 0.0100 376 54 429 97
Anthrax 0.0100 458 586 487 624
