iouv 0.0547 80 2 235 160
iouv 0.0520 107 63 187 185
iouv 0.0355 0 135 85 216
iouv 0.0331 237 245 340 306
iouv 0.0236 564 311 607 544
iouv 0.0229 463 43 557 129
iouv 0.0222 411 153 525 212
iouv 0.0220 508 297 591 535
iouv 0.0216 454 208 538 252
iouv 0.0199 481 195 576 231
iouv 0.0196 563 25 595 111
iouv 0.0193 27 303 110 414
iouv 0.0187 248 223 385 291
iouv 0.0173 502 46 593 199
iouv 0.0172 398 198 535 266
iouv 0.0169 352 152 520 237
iouv 0.0167 437 57 531 145
iouv 0.0148 494 373 595 486
iouv 0.0146 0 296 83 382
iouv 0.0142 -9 251 48 348
iouv 0.0131 170 210 307 284
iouv 0.0131 563 9 599 75
iouv 0.0131 520 129 598 219
iouv 0.0122 383 144 489 191
iouv 0.0122 272 237 345 287
iouv 0.0121 561 31 607 203
iouv 0.0118 523 210 600 291
iouv 0.0117 526 -8 648 49
iouv 0.0116 264 254 322 302
iouv 0.0115 346 203 486 279
iouv 0.0112 178 110 262 156
iouv 0.0112 479 29 553 92
iouv 0.0111 573 234 602 331
iouv 0.0111 217 416 298 501
iouv 0.0109 368 130 458 163
iouv 0.0106 202 -18 235 33
iouv 0.0104 465 74 511 143
blight 0.0898 529 151 600 223
blight 0.0749 514 186 602 260
blight 0.0613 490 16 592 66
blight 0.0592 533 4 595 53
blight 0.0394 460 24 545 68
blight 0.0386 532 192 591 228
blight 0.0371 546 217 598 279
blight 0.0358 437 0 468 68
blight 0.0324 407 -3 486 23
blight 0.0317 408 5 490 49
blight 0.0299 556 208 598 252
blight 0.0277 432 -19 464 43
blight 0.0275 564 140 595 211
blight 0.0271 -2 560 92 597
blight 0.0270 568 225 598 311
blight 0.0260 75 430 157 523
blight 0.0237 428 24 510 67
blight 0.0232 508 200 580 245
blight 0.0232 250 277 312 308
blight 0.0230 555 170 595 217
blight 0.0227 512 3 600 27
blight 0.0224 566 182 596 240
blight 0.0219 438 -36 775 160
blight 0.0214 552 204 591 229
blight 0.0206 561 0 636 25
blight 0.0195 441 0 524 24
blight 0.0195 82 160 179 240
blight 0.0181 290 527 356 565
blight 0.0178 494 -15 523 33
blight 0.0177 441 37 548 103
blight 0.0175 528 19 578 77
blight 0.0172 569 219 624 248
blight 0.0171 431 35 482 72
blight 0.0170 583 253 612 321
blight 0.0170 560 200 647 272
blight 0.0168 417 16 575 72
blight 0.0165 441 -14 533 51
blight 0.0161 424 532 486 571
blight 0.0159 391 527 452 571
blight 0.0156 184 -5 280 22
blight 0.0154 568 233 626 263
blight 0.0153 567 473 623 531
blight 0.0153 561 9 624 46
blight 0.0151 94 162 157 202
blight 0.0150 -12 527 102 593
blight 0.0148 -17 -4 42 18
blight 0.0144 566 -19 599 34
blight 0.0143 551 -14 587 34
blight 0.0142 93 421 141 502
blight 0.0140 516 -4 676 45
blight 0.0139 552 470 599 549
blight 0.0138 96 381 142 440
blight 0.0137 580 485 618 550
blight 0.0135 504 183 595 220
blight 0.0135 582 -23 618 35
blight 0.0134 360 529 418 574
blight 0.0133 435 551 511 594
Anthrax 0.9998 186 316 334 488
Anthrax 0.2118 418 30 518 81
Anthrax 0.2045 377 368 414 418
Anthrax 0.1232 199 347 307 452
Anthrax 0.1024 319 50 375 83
Anthrax 0.0950 336 45 389 76
Anthrax 0.0864 463 30 568 80
Anthrax 0.0769 538 465 605 534
Anthrax 0.0754 568 471 597 520
Anthrax 0.0666 338 372 433 463
Anthrax 0.0624 390 19 566 73
Anthrax 0.0538 490 16 592 66
Anthrax 0.0453 371 374 419 446
Anthrax 0.0449 551 474 608 510
Anthrax 0.0407 243 451 285 514
Anthrax 0.0385 141 103 276 179
Anthrax 0.0384 83 175 159 207
Anthrax 0.0366 514 433 599 519
Anthrax 0.0328 534 451 581 509
Anthrax 0.0317 227 371 268 438
Anthrax 0.0315 80 2 235 160
Anthrax 0.0312 429 8 598 53
Anthrax 0.0312 8 314 104 420
Anthrax 0.0298 294 47 362 76
Anthrax 0.0294 445 26 535 68
Anthrax 0.0285 502 440 548 499
Anthrax 0.0283 209 377 259 451
Anthrax 0.0276 516 -4 676 45
Anthrax 0.0269 101 387 174 491
Anthrax 0.0260 379 395 428 434
Anthrax 0.0259 134 346 203 405
Anthrax 0.0258 193 357 245 444
Anthrax 0.0257 188 111 262 160
Anthrax 0.0252 101 75 190 190
Anthrax 0.0237 464 101 517 170
Anthrax 0.0236 472 325 510 417
Anthrax 0.0222 357 366 400 439
Anthrax 0.0222 156 334 216 395
Anthrax 0.0209 87 273 143 300
Anthrax 0.0208 522 5 599 47
Anthrax 0.0206 333 44 360 80
Anthrax 0.0201 382 352 426 410
Anthrax 0.0198 463 423 552 504
Anthrax 0.0197 184 -5 280 22
