iouv 0.0217 76 150 156 199
iouv 0.0126 520 402 601 452
iouv 0.0103 187 21 238 93
blight 0.0412 181 17 224 94
blight 0.0362 62 3 115 51
blight 0.0305 93 68 154 112
blight 0.0294 170 23 246 112
blight 0.0291 215 172 255 249
blight 0.0273 209 212 251 280
blight 0.0262 48 18 100 61
blight 0.0247 121 39 232 115
blight 0.0246 -13 -10 24 33
blight 0.0243 108 60 172 122
blight 0.0238 -24 -30 42 47
blight 0.0227 187 12 282 88
blight 0.0222 167 67 222 109
blight 0.0213 181 458 280 504
blight 0.0212 140 1 221 86
blight 0.0208 199 11 265 44
blight 0.0208 87 65 131 126
blight 0.0201 70 33 132 82
blight 0.0189 232 11 300 42
blight 0.0187 -11 14 26 72
blight 0.0186 84 52 154 97
blight 0.0184 311 467 397 564
blight 0.0184 313 501 415 594
blight 0.0177 52 45 132 124
blight 0.0171 331 270 418 375
blight 0.0170 64 485 144 520
blight 0.0167 353 5 411 50
blight 0.0166 573 578 629 631
blight 0.0166 -17 517 33 552
blight 0.0163 364 -18 397 23
blight 0.0161 37 395 142 504
blight 0.0158 27 9 118 84
blight 0.0155 79 402 126 488
blight 0.0154 190 45 234 92
blight 0.0151 230 165 265 241
blight 0.0151 48 1 125 24
blight 0.0151 151 6 215 42
blight 0.0150 -33 570 48 650
blight 0.0148 201 20 259 74
blight 0.0148 86 455 146 486
blight 0.0147 335 475 408 528
blight 0.0146 306 477 376 532
blight 0.0146 -9 582 32 626
blight 0.0145 255 66 366 150
blight 0.0145 366 -3 448 19
blight 0.0143 -20 514 38 592
blight 0.0142 348 -16 381 29
blight 0.0140 556 571 651 659
blight 0.0140 230 0 306 23
blight 0.0139 255 493 331 539
blight 0.0138 162 31 216 101
blight 0.0138 163 99 200 137
blight 0.0138 -17 442 46 532
blight 0.0135 288 30 343 88
blight 0.0135 408 -1 487 23
blight 0.0134 70 471 131 504
blight 0.0132 -15 531 36 570
blight 0.0131 -3 228 51 305
blight 0.0130 30 477 93 520
blight 0.0127 174 10 224 57
blight 0.0127 388 8 451 41
blight 0.0126 345 0 381 46
blight 0.0126 61 501 144 535
blight 0.0125 33 501 95 535
blight 0.0125 148 35 194 98
blight 0.0125 -7 456 32 521
blight 0.0125 138 78 217 121
blight 0.0123 88 143 184 222
blight 0.0123 -17 500 36 536
blight 0.0122 218 84 277 119
blight 0.0121 377 -20 410 20
Anthrax 0.9993 201 147 436 493
Anthrax 0.9897 68 132 186 338
Anthrax 0.7439 367 101 415 149
Anthrax 0.1480 144 181 184 266
Anthrax 0.1373 431 125 506 222
Anthrax 0.1310 496 111 575 224
Anthrax 0.1308 361 82 425 164
Anthrax 0.0834 449 386 600 550
Anthrax 0.0625 235 164 318 259
Anthrax 0.0623 89 217 178 330
Anthrax 0.0581 251 60 372 147
Anthrax 0.0577 511 116 558 194
Anthrax 0.0565 416 48 502 134
Anthrax 0.0547 488 4 544 55
Anthrax 0.0526 471 6 531 39
Anthrax 0.0491 469 3 542 23
Anthrax 0.0382 -8 239 81 315
Anthrax 0.0373 443 3 514 37
Anthrax 0.0367 199 221 247 294
Anthrax 0.0346 119 175 196 282
Anthrax 0.0318 77 147 181 241
Anthrax 0.0311 100 141 181 189
Anthrax 0.0308 252 163 301 234
Anthrax 0.0291 369 73 411 126
Anthrax 0.0288 161 205 194 288
Anthrax 0.0286 437 137 486 202
Anthrax 0.0280 557 453 596 543
Anthrax 0.0259 511 403 594 450
