iouv 0.0778 557 532 595 594
iouv 0.0739 16 532 122 595
iouv 0.0731 -4 459 73 531
iouv 0.0689 490 366 537 417
iouv 0.0583 215 1 350 126
iouv 0.0330 461 316 551 361
iouv 0.0329 0 532 23 605
iouv 0.0307 414 289 463 370
iouv 0.0276 428 351 487 460
iouv 0.0265 551 585 633 613
iouv 0.0261 525 510 605 591
iouv 0.0250 544 558 608 594
iouv 0.0238 10 474 111 568
iouv 0.0228 103 442 177 533
iouv 0.0184 452 543 548 590
iouv 0.0175 507 590 563 607
iouv 0.0152 112 433 154 498
iouv 0.0146 525 586 582 606
iouv 0.0136 465 347 539 414
iouv 0.0127 473 360 527 396
iouv 0.0121 171 19 223 68
iouv 0.0120 -7 438 50 512
iouv 0.0118 562 571 599 622
iouv 0.0111 6 0 55 130
iouv 0.0109 46 465 127 549
iouv 0.0105 0 462 26 541
iouv 0.0104 -6 479 51 521
iouv 0.0102 41 466 100 502
iouv 0.0101 484 588 546 606
blight 0.1274 379 2 436 49
blight 0.0513 395 8 447 69
blight 0.0456 493 401 556 503
blight 0.0398 530 94 576 151
blight 0.0394 514 62 588 156
blight 0.0360 388 0 455 24
blight 0.0354 101 303 132 389
blight 0.0323 516 391 548 491
blight 0.0317 259 173 324 208
blight 0.0309 531 112 575 184
blight 0.0308 391 -13 427 35
blight 0.0302 361 520 437 557
blight 0.0294 293 182 324 236
blight 0.0278 294 186 344 211
blight 0.0270 510 438 555 476
blight 0.0263 506 423 542 520
blight 0.0243 396 37 454 76
blight 0.0239 298 85 332 161
blight 0.0238 349 519 458 582
blight 0.0238 281 93 310 155
blight 0.0228 405 -16 441 37
blight 0.0221 222 569 284 595
blight 0.0221 184 328 239 364
blight 0.0218 520 449 576 491
blight 0.0216 63 455 117 526
blight 0.0203 -6 -5 27 33
blight 0.0199 45 399 121 504
blight 0.0194 308 177 344 233
blight 0.0193 -19 -24 44 49
blight 0.0188 353 1 437 27
blight 0.0184 292 172 350 196
blight 0.0180 0 10 21 106
blight 0.0174 265 91 299 152
blight 0.0171 62 459 112 495
blight 0.0170 377 -12 413 34
blight 0.0169 55 442 99 504
blight 0.0168 0 532 23 605
blight 0.0167 252 153 322 191
blight 0.0167 317 169 362 195
blight 0.0164 294 200 342 231
blight 0.0164 160 0 243 21
blight 0.0163 320 14 364 111
blight 0.0162 263 121 314 151
blight 0.0162 503 161 538 214
blight 0.0158 584 145 618 226
blight 0.0157 518 468 585 507
blight 0.0153 328 162 366 225
blight 0.0153 150 5 237 42
blight 0.0153 514 424 558 458
blight 0.0153 8 -16 42 46
blight 0.0149 263 185 309 232
blight 0.0146 346 105 383 175
blight 0.0145 567 122 600 234
blight 0.0141 196 319 257 375
blight 0.0140 337 166 373 194
blight 0.0139 268 3 345 44
blight 0.0139 104 443 140 499
blight 0.0138 311 73 350 159
blight 0.0136 193 336 235 388
blight 0.0135 514 82 567 141
blight 0.0135 420 503 464 568
blight 0.0135 -13 15 29 57
blight 0.0135 53 0 126 19
blight 0.0135 145 401 208 475
blight 0.0134 -1 565 21 627
blight 0.0133 209 560 260 598
blight 0.0133 412 16 460 85
blight 0.0133 567 412 595 499
blight 0.0132 391 537 449 570
blight 0.0132 23 -11 54 41
blight 0.0131 22 369 111 479
Anthrax 0.9915 262 251 392 456
Anthrax 0.9891 220 0 356 136
Anthrax 0.9844 31 39 190 312
Anthrax 0.9794 122 328 222 479
Anthrax 0.9736 298 425 365 558
Anthrax 0.9699 0 253 107 469
Anthrax 0.9654 93 446 221 586
Anthrax 0.9569 365 105 476 329
Anthrax 0.7719 432 356 487 475
Anthrax 0.5831 489 367 535 420
Anthrax 0.5588 286 375 377 522
Anthrax 0.1862 383 377 435 504
Anthrax 0.1784 129 307 195 438
Anthrax 0.1729 428 475 499 558
