iouv 0.1348 457 139 549 231
iouv 0.1033 523 85 589 119
iouv 0.0836 571 110 600 200
iouv 0.0716 120 407 205 463
iouv 0.0667 543 114 595 194
iouv 0.0659 385 245 509 335
iouv 0.0592 86 182 157 259
iouv 0.0576 544 25 596 89
iouv 0.0533 532 102 591 134
iouv 0.0507 579 113 617 200
iouv 0.0476 529 119 580 178
iouv 0.0462 20 177 86 269
iouv 0.0450 533 72 590 102
iouv 0.0369 459 228 563 310
iouv 0.0291 525 59 598 129
iouv 0.0274 110 366 206 454
iouv 0.0258 507 100 591 175
iouv 0.0256 451 473 568 574
iouv 0.0256 86 347 159 419
iouv 0.0244 522 123 575 153
iouv 0.0230 422 364 469 440
iouv 0.0225 485 117 562 195
iouv 0.0224 39 179 118 257
iouv 0.0221 537 54 576 99
iouv 0.0205 336 471 415 507
iouv 0.0205 174 316 233 389
iouv 0.0204 500 128 555 170
iouv 0.0203 512 48 552 107
iouv 0.0203 566 114 639 216
iouv 0.0194 -4 422 25 499
iouv 0.0191 376 471 438 501
iouv 0.0176 393 244 473 293
iouv 0.0176 419 350 470 404
iouv 0.0175 341 240 403 301
iouv 0.0172 101 212 162 258
iouv 0.0164 42 347 133 422
iouv 0.0163 513 138 596 225
iouv 0.0146 512 356 581 423
iouv 0.0141 491 41 540 112
iouv 0.0139 345 450 440 523
iouv 0.0138 439 364 478 421
iouv 0.0137 543 91 582 116
iouv 0.0134 86 192 129 246
iouv 0.0134 562 100 592 147
iouv 0.0133 112 425 172 475
iouv 0.0133 585 -23 617 34
iouv 0.0129 91 332 141 366
iouv 0.0128 425 260 607 409
blight 0.0947 150 2 228 44
blight 0.0496 172 304 264 386
blight 0.0482 461 102 531 195
blight 0.0439 463 87 505 170
blight 0.0421 4 378 41 454
blight 0.0418 176 13 241 46
blight 0.0369 483 53 528 111
blight 0.0321 95 55 162 90
blight 0.0321 331 277 354 345
blight 0.0317 15 373 55 428
blight 0.0313 183 -11 221 34
blight 0.0301 128 0 222 20
blight 0.0294 82 49 139 98
blight 0.0293 51 37 131 103
blight 0.0289 2 370 21 446
blight 0.0288 85 7 164 35
blight 0.0283 461 127 526 171
blight 0.0256 323 211 359 271
blight 0.0256 94 0 178 17
blight 0.0248 315 204 342 280
blight 0.0239 330 249 359 325
blight 0.0237 96 29 135 81
blight 0.0232 420 432 461 510
blight 0.0221 194 22 239 68
blight 0.0221 314 280 340 337
blight 0.0212 171 2 258 22
blight 0.0207 186 406 233 444
blight 0.0204 344 269 391 312
blight 0.0204 200 -10 234 34
blight 0.0204 94 359 159 421
blight 0.0202 406 196 445 254
blight 0.0202 471 121 558 219
blight 0.0201 465 392 502 452
blight 0.0196 7 360 73 440
blight 0.0186 449 98 491 168
blight 0.0186 116 21 151 73
blight 0.0185 343 281 369 337
blight 0.0183 164 -7 256 52
blight 0.0182 479 98 519 155
blight 0.0178 299 194 327 298
blight 0.0177 319 239 341 321
blight 0.0177 107 -18 134 25
blight 0.0177 -15 -2 49 22
blight 0.0175 89 -15 117 22
blight 0.0175 302 264 324 325
blight 0.0174 69 371 141 418
blight 0.0170 195 414 238 466
blight 0.0170 200 342 276 437
blight 0.0170 446 209 491 244
blight 0.0165 0 6 71 41
blight 0.0161 0 480 23 562
blight 0.0161 132 20 166 69
blight 0.0160 177 16 227 75
blight 0.0160 332 233 372 264
blight 0.0160 454 388 484 455
blight 0.0158 566 -2 628 21
blight 0.0153 357 283 385 329
blight 0.0152 335 215 378 250
blight 0.0152 -16 -20 49 44
blight 0.0150 447 196 520 242
blight 0.0150 497 79 542 117
blight 0.0149 420 207 462 261
blight 0.0148 -8 460 45 503
blight 0.0146 339 249 380 307
blight 0.0145 -5 -6 31 31
blight 0.0141 489 121 553 154
blight 0.0138 397 216 479 294
blight 0.0137 21 0 119 23
blight 0.0137 170 -15 205 30
blight 0.0136 371 303 402 345
blight 0.0136 -2 -24 21 44
blight 0.0135 380 -1 457 24
blight 0.0133 59 5 135 49
blight 0.0132 101 13 137 59
blight 0.0132 -9 400 39 488
blight 0.0131 390 322 423 364
Anthrax 0.9989 186 457 316 598
Anthrax 0.9984 128 78 306 330
Anthrax 0.9922 290 341 377 462
Anthrax 0.2754 20 177 86 269
Anthrax 0.2110 -3 301 46 385
Anthrax 0.1331 111 347 156 404
Anthrax 0.1278 180 311 268 388
Anthrax 0.1224 489 288 601 406
Anthrax 0.0809 180 12 234 68
Anthrax 0.0762 388 247 495 332
Anthrax 0.0708 432 468 532 560
Anthrax 0.0621 -6 431 29 494
Anthrax 0.0564 -2 296 30 358
Anthrax 0.0554 0 313 26 394
Anthrax 0.0547 415 372 465 466
Anthrax 0.0541 109 402 217 464
Anthrax 0.0530 316 367 407 475
Anthrax 0.0506 184 491 269 586
Anthrax 0.0500 195 447 276 544
Anthrax 0.0491 9 179 57 262
Anthrax 0.0486 227 136 287 196
Anthrax 0.0482 335 31 402 222
Anthrax 0.0466 461 474 582 570
Anthrax 0.0441 7 340 45 426
