iouv 0.1092 216 186 321 268
iouv 0.0453 68 118 169 240
iouv 0.0258 245 33 366 110
iouv 0.0208 72 432 169 469
iouv 0.0207 45 108 131 160
iouv 0.0200 42 13 181 76
iouv 0.0165 231 49 321 129
iouv 0.0151 76 322 159 421
iouv 0.0147 164 325 265 422
iouv 0.0145 0 77 46 264
iouv 0.0141 229 199 299 248
iouv 0.0135 186 365 281 464
iouv 0.0135 160 1 244 27
iouv 0.0130 172 515 303 580
iouv 0.0129 236 450 338 525
iouv 0.0119 455 451 542 511
iouv 0.0119 296 154 360 208
iouv 0.0117 -7 -93 44 75
iouv 0.0112 195 528 325 564
iouv 0.0108 -5 142 42 333
blight 0.8278 76 257 145 328
blight 0.0695 170 7 233 42
blight 0.0532 97 290 148 361
blight 0.0522 537 480 590 546
blight 0.0447 530 443 596 506
blight 0.0420 69 266 155 385
blight 0.0417 96 247 136 317
blight 0.0295 564 479 594 567
blight 0.0282 13 105 65 150
blight 0.0263 98 249 179 345
blight 0.0259 177 1 261 27
blight 0.0253 521 480 604 578
blight 0.0252 12 380 59 439
blight 0.0248 74 216 165 311
blight 0.0242 555 468 595 530
blight 0.0218 68 118 169 240
blight 0.0211 7 306 70 348
blight 0.0210 47 363 100 423
blight 0.0208 20 72 80 139
blight 0.0207 534 435 574 484
blight 0.0205 97 89 157 120
blight 0.0201 498 265 540 329
blight 0.0199 15 419 66 459
blight 0.0197 0 404 53 440
blight 0.0196 95 280 145 324
blight 0.0189 124 561 210 596
blight 0.0186 174 302 279 411
blight 0.0185 33 377 76 440
blight 0.0180 542 261 591 316
blight 0.0178 510 5 583 38
blight 0.0176 581 490 626 549
blight 0.0176 533 272 569 334
blight 0.0173 99 312 151 398
blight 0.0170 513 259 553 335
blight 0.0170 -8 310 37 346
blight 0.0169 562 268 597 312
blight 0.0168 -9 410 91 499
blight 0.0168 163 24 211 84
blight 0.0167 581 432 630 483
blight 0.0164 60 331 153 427
blight 0.0162 299 0 354 47
blight 0.0161 46 444 134 492
blight 0.0159 -13 297 40 330
blight 0.0155 396 321 463 363
blight 0.0155 196 -14 235 30
blight 0.0152 514 0 592 20
blight 0.0151 -9 409 33 439
blight 0.0150 -23 -6 42 20
blight 0.0149 559 -3 635 23
blight 0.0144 35 408 75 462
blight 0.0143 521 426 585 458
blight 0.0139 580 459 625 518
blight 0.0138 214 -16 249 28
Anthrax 0.9924 311 139 543 265
Anthrax 0.9718 68 116 172 240
Anthrax 0.8714 332 403 563 510
Anthrax 0.0979 91 135 152 209
Anthrax 0.0908 160 122 225 204
Anthrax 0.0819 528 178 583 233
Anthrax 0.0757 59 77 178 173
Anthrax 0.0714 342 164 455 251
Anthrax 0.0698 453 452 541 522
Anthrax 0.0667 81 317 154 414
Anthrax 0.0653 51 364 101 432
Anthrax 0.0572 58 116 143 180
Anthrax 0.0529 330 389 428 482
Anthrax 0.0524 117 122 213 232
Anthrax 0.0510 432 57 530 180
Anthrax 0.0501 347 408 408 462
Anthrax 0.0456 495 447 587 528
Anthrax 0.0436 38 17 190 84
Anthrax 0.0433 127 134 164 207
Anthrax 0.0417 95 111 171 160
Anthrax 0.0406 430 117 475 199
Anthrax 0.0396 415 259 524 359
Anthrax 0.0374 285 270 377 384
Anthrax 0.0367 521 146 599 248
Anthrax 0.0357 4 413 49 490
Anthrax 0.0344 429 54 477 85
