iouv 0.0537 18 121 118 218
iouv 0.0507 -1 11 34 67
iouv 0.0485 -6 176 84 216
iouv 0.0220 0 105 20 178
iouv 0.0219 465 302 509 370
iouv 0.0189 -7 -7 28 31
iouv 0.0188 556 227 593 319
iouv 0.0187 -3 139 22 199
iouv 0.0172 33 174 116 220
iouv 0.0167 -1 146 60 205
iouv 0.0162 11 -17 45 47
iouv 0.0162 12 196 99 228
iouv 0.0160 0 168 97 254
iouv 0.0152 523 133 590 202
iouv 0.0147 -9 8 42 99
iouv 0.0144 2 107 43 168
iouv 0.0137 3 495 104 587
iouv 0.0135 350 131 434 168
iouv 0.0120 -15 -24 43 51
iouv 0.0114 0 181 45 211
iouv 0.0111 125 115 395 473
iouv 0.0109 533 268 597 389
iouv 0.0108 -1 23 23 109
iouv 0.0106 126 147 199 261
iouv 0.0104 -2 60 20 143
blight 0.0525 445 113 487 183
blight 0.0483 288 3 346 41
blight 0.0462 291 16 332 77
blight 0.0409 165 -2 228 19
blight 0.0399 194 16 254 90
blight 0.0387 -3 -23 23 46
blight 0.0380 11 -17 45 47
blight 0.0345 1 163 67 215
blight 0.0345 340 37 411 79
blight 0.0343 72 185 145 235
blight 0.0319 212 6 268 54
blight 0.0310 -3 199 15 299
blight 0.0294 -15 -24 43 51
blight 0.0285 201 1 271 23
blight 0.0276 340 9 370 83
blight 0.0275 268 8 325 52
blight 0.0272 344 56 403 84
blight 0.0267 291 1 358 23
blight 0.0261 290 29 323 116
blight 0.0253 111 186 159 248
blight 0.0249 237 16 285 83
blight 0.0249 426 76 474 160
blight 0.0245 325 0 357 97
blight 0.0231 -1 11 34 67
blight 0.0222 -2 174 18 253
blight 0.0218 40 8 74 97
blight 0.0217 261 21 301 82
blight 0.0212 213 32 260 84
blight 0.0208 322 51 356 160
blight 0.0205 410 146 505 182
blight 0.0201 27 -19 57 40
blight 0.0201 11 -2 63 17
blight 0.0201 -15 -3 38 19
blight 0.0199 200 498 256 548
blight 0.0199 317 130 366 174
blight 0.0195 222 0 296 19
blight 0.0194 463 113 502 176
blight 0.0193 5 181 83 234
blight 0.0189 334 5 378 42
blight 0.0187 -9 437 63 471
blight 0.0187 548 205 600 315
blight 0.0187 7 490 43 583
blight 0.0187 -8 454 60 488
blight 0.0181 24 -3 56 69
blight 0.0178 298 108 346 167
blight 0.0177 310 9 349 79
blight 0.0175 293 51 375 162
blight 0.0175 293 55 330 146
blight 0.0173 338 85 372 159
blight 0.0168 325 17 401 96
blight 0.0165 200 -12 233 41
blight 0.0164 181 509 240 557
blight 0.0163 3 508 22 596
blight 0.0162 582 -13 625 28
blight 0.0161 64 144 147 229
blight 0.0158 340 71 391 98
blight 0.0158 96 569 166 594
blight 0.0157 449 92 503 127
blight 0.0156 341 22 385 56
blight 0.0155 574 158 627 214
blight 0.0155 0 181 45 211
blight 0.0154 1 188 43 259
blight 0.0153 -5 466 62 507
blight 0.0151 194 4 241 60
blight 0.0147 278 36 343 150
blight 0.0146 9 5 58 40
blight 0.0146 -6 585 28 623
blight 0.0144 -2 251 13 348
blight 0.0144 -3 138 18 215
blight 0.0144 131 0 198 25
Anthrax 0.9999 42 0 203 157
Anthrax 0.9991 122 112 400 479
Anthrax 0.9454 23 126 128 228
Anthrax 0.9163 538 246 594 384
Anthrax 0.8577 396 276 464 383
Anthrax 0.2179 62 142 141 246
Anthrax 0.1614 556 241 594 336
Anthrax 0.1050 25 108 106 192
Anthrax 0.1020 99 337 179 422
Anthrax 0.0907 465 302 509 370
Anthrax 0.0903 493 139 591 198
Anthrax 0.0887 119 28 208 168
Anthrax 0.0731 40 80 152 206
