iouv 0.0279 256 223 364 354
iouv 0.0177 443 181 552 337
blight 0.0434 525 509 570 559
blight 0.0384 218 213 245 291
blight 0.0347 179 350 214 452
blight 0.0324 519 480 556 550
blight 0.0287 504 530 568 562
blight 0.0281 243 588 307 616
blight 0.0262 537 493 586 548
blight 0.0258 258 580 294 627
blight 0.0227 377 292 406 356
blight 0.0227 232 211 263 283
blight 0.0207 323 437 359 527
blight 0.0197 220 248 250 283
blight 0.0183 586 579 619 637
blight 0.0179 157 329 233 439
blight 0.0166 172 407 212 437
blight 0.0164 236 575 312 655
blight 0.0164 512 477 583 563
blight 0.0163 176 393 214 474
blight 0.0157 508 525 542 570
blight 0.0153 479 278 507 347
blight 0.0153 340 501 376 534
blight 0.0149 337 436 384 470
blight 0.0147 330 470 388 503
blight 0.0146 390 262 425 338
blight 0.0144 170 327 206 430
blight 0.0140 338 457 373 519
blight 0.0140 333 452 386 484
blight 0.0138 422 572 458 609
blight 0.0138 337 487 384 522
blight 0.0133 177 394 215 421
blight 0.0128 345 424 389 455
blight 0.0123 306 335 385 440
blight 0.0122 182 299 214 411
blight 0.0120 187 361 234 393
blight 0.0120 566 590 629 616
blight 0.0119 423 559 465 596
blight 0.0118 411 577 444 614
blight 0.0116 277 586 337 610
blight 0.0115 440 277 527 387
blight 0.0115 -30 572 40 651
blight 0.0114 435 393 512 444
blight 0.0113 323 407 360 489
blight 0.0113 221 229 248 266
blight 0.0113 293 339 336 422
blight 0.0112 144 403 192 434
blight 0.0112 231 568 300 601
blight 0.0112 244 205 281 260
blight 0.0111 216 264 247 297
blight 0.0111 193 346 234 378
blight 0.0109 215 585 290 613
blight 0.0108 459 412 519 455
blight 0.0107 152 387 206 446
blight 0.0107 563 491 594 544
blight 0.0106 260 205 291 253
blight 0.0104 308 416 375 519
blight 0.0104 328 518 366 549
blight 0.0103 -4 -23 17 44
blight 0.0103 194 390 227 456
blight 0.0103 318 381 374 461
blight 0.0102 458 302 540 428
blight 0.0101 154 395 231 489
blight 0.0101 337 410 373 479
blight 0.0101 546 522 588 548
blight 0.0101 504 540 534 587
blight 0.0101 -11 585 30 633
Anthrax 0.9998 393 160 556 423
Anthrax 0.9991 103 172 228 469
Anthrax 0.9969 241 212 383 443
Anthrax 0.0557 136 168 224 338
Anthrax 0.0524 237 258 319 372
Anthrax 0.0521 95 267 175 388
Anthrax 0.0391 99 303 142 387
Anthrax 0.0360 496 322 534 374
Anthrax 0.0234 576 583 626 635
Anthrax 0.0232 109 348 195 448
Anthrax 0.0230 -6 577 20 642
Anthrax 0.0215 112 290 158 366
Anthrax 0.0196 127 372 176 435
Anthrax 0.0196 551 183 702 411
Anthrax 0.0189 194 167 233 277
Anthrax 0.0183 566 590 629 616
Anthrax 0.0183 276 518 357 614
Anthrax 0.0182 235 197 300 301
Anthrax 0.0181 253 301 327 400
Anthrax 0.0179 541 586 590 629
Anthrax 0.0177 496 318 544 417
Anthrax 0.0170 532 236 564 315
Anthrax 0.0170 494 329 523 359
Anthrax 0.0168 329 366 384 443
Anthrax 0.0168 103 274 137 359
Anthrax 0.0161 444 275 493 311
Anthrax 0.0160 422 179 530 298
Anthrax 0.0159 241 202 284 272
Anthrax 0.0152 108 203 192 340
Anthrax 0.0152 137 589 170 632
Anthrax 0.0150 105 591 137 633
Anthrax 0.0148 121 591 153 632
Anthrax 0.0148 151 586 187 633
Anthrax 0.0146 63 162 186 439
Anthrax 0.0146 89 591 121 633
Anthrax 0.0145 537 582 567 625
Anthrax 0.0144 73 590 105 633
