iouv 0.1035 97 87 461 420
iouv 0.0602 518 361 596 408
iouv 0.0520 -5 489 154 593
iouv 0.0413 230 448 345 566
iouv 0.0395 150 388 234 473
iouv 0.0274 259 516 373 605
iouv 0.0266 331 391 495 466
iouv 0.0259 316 422 425 493
iouv 0.0256 165 415 245 488
iouv 0.0227 280 407 404 480
iouv 0.0226 63 20 177 95
iouv 0.0190 499 381 596 424
iouv 0.0175 421 385 529 464
iouv 0.0172 554 454 600 545
iouv 0.0166 482 338 614 425
iouv 0.0161 290 429 388 467
iouv 0.0157 118 -3 477 71
iouv 0.0154 433 462 526 554
iouv 0.0143 516 435 611 532
iouv 0.0132 526 394 600 446
iouv 0.0128 364 399 509 439
iouv 0.0127 341 494 383 570
iouv 0.0127 3 12 93 84
iouv 0.0119 84 380 150 434
iouv 0.0111 144 529 201 706
iouv 0.0101 169 404 242 451
blight 0.0941 178 427 252 488
blight 0.0442 136 431 231 531
blight 0.0317 197 458 245 513
blight 0.0256 153 407 231 490
blight 0.0218 198 26 547 164
blight 0.0207 369 60 456 139
blight 0.0200 119 395 287 462
blight 0.0194 208 427 250 474
blight 0.0192 -14 434 48 512
blight 0.0183 210 447 272 491
blight 0.0165 532 0 598 113
blight 0.0160 96 423 253 492
blight 0.0150 170 456 227 515
blight 0.0147 -3 571 21 632
blight 0.0143 -27 567 53 646
blight 0.0143 214 462 253 539
blight 0.0138 417 354 472 429
blight 0.0137 269 9 520 78
blight 0.0137 121 117 162 203
blight 0.0136 -20 -4 42 21
blight 0.0132 386 50 429 122
blight 0.0132 -2 448 37 499
blight 0.0130 574 73 599 123
blight 0.0129 158 462 204 532
blight 0.0126 400 33 442 94
blight 0.0126 -9 438 43 478
blight 0.0123 111 370 200 413
blight 0.0122 142 200 207 251
blight 0.0121 -1 439 22 537
blight 0.0121 373 57 414 118
blight 0.0120 553 588 635 615
blight 0.0118 573 246 632 279
blight 0.0117 44 -1 124 23
blight 0.0114 400 241 476 284
blight 0.0114 -17 585 46 612
blight 0.0114 102 99 152 136
blight 0.0112 577 83 622 128
blight 0.0111 413 391 530 428
blight 0.0110 562 -2 631 25
blight 0.0108 361 137 445 197
blight 0.0108 218 396 250 447
blight 0.0107 162 349 249 463
blight 0.0107 561 520 628 549
blight 0.0105 562 473 604 573
blight 0.0105 513 586 595 611
blight 0.0102 573 508 622 563
blight 0.0102 343 124 402 184
blight 0.0101 137 367 334 443
blight 0.0100 573 262 631 296
blight 0.0100 365 82 425 147
Anthrax 0.9938 97 100 470 408
Anthrax 0.2318 530 0 595 113
Anthrax 0.1446 224 253 281 306
Anthrax 0.1024 534 3 577 61
Anthrax 0.0429 126 98 202 201
Anthrax 0.0409 201 230 278 319
Anthrax 0.0408 5 45 48 113
Anthrax 0.0390 505 3 569 47
Anthrax 0.0366 3 68 47 139
Anthrax 0.0327 549 1 599 64
Anthrax 0.0324 567 53 596 118
Anthrax 0.0303 282 2 381 25
Anthrax 0.0280 465 6 542 45
Anthrax 0.0266 281 4 375 47
Anthrax 0.0256 365 219 423 271
Anthrax 0.0249 555 -41 608 117
Anthrax 0.0237 126 120 171 182
Anthrax 0.0234 -2 35 85 124
Anthrax 0.0231 517 0 561 32
Anthrax 0.0227 211 440 362 598
Anthrax 0.0223 569 82 601 123
Anthrax 0.0221 533 4 591 31
Anthrax 0.0220 182 256 263 308
Anthrax 0.0211 538 -11 570 42
Anthrax 0.0209 135 147 185 188
Anthrax 0.0204 456 13 511 77
Anthrax 0.0197 357 209 397 257
Anthrax 0.0197 250 185 314 226
Anthrax 0.0195 528 322 587 363
Anthrax 0.0193 352 190 445 273
Anthrax 0.0192 461 293 545 331
Anthrax 0.0189 577 83 622 128
Anthrax 0.0188 501 320 616 416
Anthrax 0.0184 564 135 597 228
Anthrax 0.0182 562 -2 631 25
Anthrax 0.0174 125 80 203 141
Anthrax 0.0171 110 2 192 46
