iouv 0.0548 42 0 517 459
blight 0.0255 -10 -10 27 33
blight 0.0239 287 497 351 544
blight 0.0230 268 509 339 557
blight 0.0221 -22 -24 43 45
blight 0.0210 564 585 636 620
blight 0.0177 224 588 305 616
blight 0.0167 577 521 629 584
blight 0.0154 333 79 385 139
blight 0.0144 252 523 329 568
blight 0.0144 282 -22 315 32
blight 0.0143 299 -21 331 33
blight 0.0143 260 500 345 590
blight 0.0142 563 -5 637 21
blight 0.0142 576 436 632 500
blight 0.0139 583 576 621 640
blight 0.0136 129 436 191 477
blight 0.0130 416 208 486 254
blight 0.0129 580 -13 630 35
blight 0.0129 265 -20 297 35
blight 0.0123 -21 109 40 192
blight 0.0123 84 450 161 488
blight 0.0122 315 -21 347 31
blight 0.0115 8 565 120 597
blight 0.0115 -36 565 45 652
blight 0.0115 392 293 501 374
blight 0.0114 243 124 279 185
blight 0.0114 180 403 241 439
blight 0.0112 124 449 192 497
blight 0.0112 53 -8 152 23
blight 0.0111 8 -24 40 34
blight 0.0110 -21 587 39 613
blight 0.0110 579 279 628 340
blight 0.0109 249 -17 281 38
blight 0.0109 582 42 632 100
blight 0.0108 234 -15 265 41
blight 0.0108 223 111 276 169
blight 0.0106 88 -22 120 30
blight 0.0106 220 -14 249 41
blight 0.0105 236 555 328 594
blight 0.0105 38 260 104 305
blight 0.0104 -10 581 32 628
blight 0.0104 260 588 338 617
blight 0.0104 581 74 629 134
blight 0.0103 58 244 119 288
blight 0.0103 323 89 371 163
blight 0.0102 164 407 201 471
blight 0.0102 -6 236 29 294
blight 0.0101 580 104 630 165
blight 0.0101 576 556 630 612
blight 0.0100 479 30 555 77
Anthrax 0.9704 49 2 503 474
Anthrax 0.1371 93 284 172 367
Anthrax 0.0407 194 256 242 319
Anthrax 0.0301 223 207 274 280
Anthrax 0.0278 464 572 589 655
Anthrax 0.0273 466 580 576 620
Anthrax 0.0204 -11 370 81 468
Anthrax 0.0197 0 376 22 474
Anthrax 0.0194 -9 96 90 484
Anthrax 0.0174 2 365 49 451
Anthrax 0.0162 -2 348 19 441
Anthrax 0.0155 209 229 260 305
Anthrax 0.0150 9 433 75 480
Anthrax 0.0149 -4 130 46 354
Anthrax 0.0148 487 568 691 619
Anthrax 0.0146 -4 -25 21 42
Anthrax 0.0142 577 581 628 632
Anthrax 0.0137 -3 529 35 720
Anthrax 0.0135 79 275 138 366
Anthrax 0.0134 522 -5 580 31
Anthrax 0.0132 -1 482 22 574
Anthrax 0.0130 -1 410 24 508
Anthrax 0.0125 119 273 177 345
Anthrax 0.0122 410 37 508 155
Anthrax 0.0122 152 323 263 430
Anthrax 0.0122 563 -5 637 21
Anthrax 0.0118 34 385 75 459
Anthrax 0.0116 -21 -6 41 24
Anthrax 0.0116 417 -6 467 30
Anthrax 0.0114 404 280 514 364
Anthrax 0.0114 1 434 46 528
Anthrax 0.0112 571 536 619 712
Anthrax 0.0111 544 557 648 654
Anthrax 0.0111 8 406 92 487
Anthrax 0.0109 438 9 491 51
Anthrax 0.0108 -5 396 32 456
Anthrax 0.0108 -3 303 20 393
Anthrax 0.0106 238 130 284 197
Anthrax 0.0105 -84 -7 83 45
Anthrax 0.0105 32 377 118 475
Anthrax 0.0105 580 -13 630 35
Anthrax 0.0104 399 568 603 610
Anthrax 0.0104 187 444 321 554
Anthrax 0.0103 377 -2 461 21
Anthrax 0.0102 410 17 470 60
Anthrax 0.0101 -2 28 20 129
Anthrax 0.0101 65 263 112 359
Anthrax 0.0101 -1 223 43 453
