iouv 0.0839 482 448 604 512
iouv 0.0727 567 288 604 380
iouv 0.0705 62 35 176 129
iouv 0.0543 514 475 607 514
iouv 0.0470 480 63 598 175
iouv 0.0345 555 0 595 109
iouv 0.0320 58 113 167 191
iouv 0.0291 204 44 338 120
iouv 0.0288 565 450 599 526
iouv 0.0278 216 181 316 267
iouv 0.0266 536 447 592 522
iouv 0.0260 474 221 589 352
iouv 0.0244 216 26 584 198
iouv 0.0230 7 132 334 338
iouv 0.0224 217 440 359 486
iouv 0.0209 230 170 304 218
iouv 0.0196 564 81 595 153
iouv 0.0184 558 392 597 484
iouv 0.0178 201 215 321 328
iouv 0.0173 301 432 412 486
iouv 0.0173 224 58 322 104
iouv 0.0169 411 163 536 197
iouv 0.0156 524 368 597 509
iouv 0.0154 175 18 307 95
iouv 0.0149 105 417 189 460
iouv 0.0148 298 169 381 203
iouv 0.0136 64 337 169 373
iouv 0.0133 -8 135 103 225
iouv 0.0131 37 320 114 368
iouv 0.0129 47 133 139 207
iouv 0.0128 573 291 633 357
iouv 0.0125 556 49 592 124
iouv 0.0124 557 585 634 612
iouv 0.0122 561 356 606 518
iouv 0.0113 80 66 175 163
iouv 0.0113 0 58 82 123
iouv 0.0113 223 100 333 161
iouv 0.0112 239 140 298 172
iouv 0.0111 294 386 415 425
iouv 0.0105 564 526 595 593
iouv 0.0105 129 411 177 447
iouv 0.0103 295 156 383 182
iouv 0.0101 229 155 309 193
blight 0.8357 199 38 588 205
blight 0.1382 541 173 591 225
blight 0.0830 472 283 584 358
blight 0.0790 319 -25 499 227
blight 0.0629 380 2 569 252
blight 0.0533 189 166 238 201
blight 0.0456 499 314 580 351
blight 0.0449 498 304 599 376
blight 0.0334 258 -1 436 249
blight 0.0334 84 388 147 421
blight 0.0322 515 351 597 392
blight 0.0300 564 157 593 216
blight 0.0284 333 -3 417 24
blight 0.0268 518 34 554 92
blight 0.0267 238 39 459 125
blight 0.0260 -14 -1 47 21
blight 0.0255 565 450 599 526
blight 0.0253 479 317 558 367
blight 0.0252 367 -16 758 172
blight 0.0251 541 557 613 594
blight 0.0250 358 275 431 309
blight 0.0243 507 10 561 56
blight 0.0242 400 72 728 301
blight 0.0242 559 473 640 505
blight 0.0241 483 419 545 465
blight 0.0239 262 324 346 366
blight 0.0238 274 135 521 209
blight 0.0225 14 442 56 500
blight 0.0225 2 440 42 521
blight 0.0224 488 313 528 361
blight 0.0224 492 385 543 442
blight 0.0219 50 -28 351 195
blight 0.0217 199 176 228 206
blight 0.0215 64 392 169 442
blight 0.0212 41 443 97 487
blight 0.0210 401 108 561 357
blight 0.0204 350 99 390 254
blight 0.0202 481 4 545 55
blight 0.0202 50 391 132 426
blight 0.0200 364 -1 465 28
blight 0.0199 381 92 424 250
blight 0.0196 36 446 70 494
blight 0.0195 57 560 168 595
blight 0.0191 580 460 619 524
blight 0.0191 527 8 579 42
blight 0.0189 223 -29 545 155
blight 0.0186 26 457 80 504
blight 0.0185 -1 475 27 531
blight 0.0184 5 282 46 363
blight 0.0183 250 102 504 186
blight 0.0177 527 40 574 98
blight 0.0173 405 178 583 234
blight 0.0172 336 95 489 342
blight 0.0165 276 -1 386 26
blight 0.0165 494 332 543 375
blight 0.0162 449 216 732 436
Anthrax 0.9957 -3 152 323 344
Anthrax 0.1215 347 101 397 148
Anthrax 0.0920 125 185 193 229
Anthrax 0.0708 51 291 162 321
Anthrax 0.0649 474 221 589 352
Anthrax 0.0560 52 6 179 44
Anthrax 0.0511 139 2 582 172
Anthrax 0.0498 426 0 530 52
Anthrax 0.0402 0 467 160 587
Anthrax 0.0387 262 326 362 376
Anthrax 0.0384 5 282 46 363
Anthrax 0.0381 337 90 418 157
Anthrax 0.0355 512 187 599 275
Anthrax 0.0349 74 115 178 193
Anthrax 0.0346 105 417 189 460
Anthrax 0.0342 180 8 283 40
Anthrax 0.0316 546 185 597 229
Anthrax 0.0297 45 279 155 346
Anthrax 0.0287 86 19 180 54
Anthrax 0.0283 294 202 385 279
Anthrax 0.0270 560 293 647 379
Anthrax 0.0259 100 112 156 172
Anthrax 0.0257 62 35 176 129
Anthrax 0.0253 173 345 300 423
Anthrax 0.0251 58 16 111 59
Anthrax 0.0241 567 288 604 380
Anthrax 0.0234 89 29 185 74
Anthrax 0.0234 49 1 164 25
Anthrax 0.0230 242 320 335 351
Anthrax 0.0229 145 180 182 218
Anthrax 0.0222 153 425 212 470
Anthrax 0.0221 95 74 510 297
Anthrax 0.0214 123 480 232 570
Anthrax 0.0209 86 295 122 329
Anthrax 0.0204 577 302 619 381
Anthrax 0.0199 523 379 604 474
Anthrax 0.0198 32 7 113 46
Anthrax 0.0196 561 529 596 578
Anthrax 0.0195 112 160 209 231
Anthrax 0.0192 317 0 783 161
Anthrax 0.0191 97 512 331 596
Anthrax 0.0189 -48 3 368 245
Anthrax 0.0189 162 479 243 523
Anthrax 0.0187 283 174 357 219
Anthrax 0.0187 80 140 487 427
Anthrax 0.0185 275 8 347 37
Anthrax 0.0183 117 173 164 217
Anthrax 0.0183 269 334 393 409
Anthrax 0.0177 389 2 496 38
