iouv 0.0870 385 320 464 366
iouv 0.0357 129 568 229 599
iouv 0.0299 565 95 599 185
iouv 0.0272 135 581 224 606
iouv 0.0213 519 193 585 232
iouv 0.0188 449 175 521 219
iouv 0.0179 431 159 517 192
iouv 0.0173 510 194 563 246
iouv 0.0168 395 307 476 353
iouv 0.0157 152 115 472 420
iouv 0.0143 510 181 609 223
iouv 0.0135 522 589 584 609
iouv 0.0129 555 27 596 88
iouv 0.0129 9 99 85 181
iouv 0.0128 404 312 478 392
iouv 0.0128 366 323 425 362
iouv 0.0119 202 501 305 560
iouv 0.0115 418 334 464 389
iouv 0.0112 124 190 199 217
iouv 0.0108 -2 197 93 278
iouv 0.0105 565 264 596 342
iouv 0.0100 560 588 631 613
blight 0.7888 356 41 433 92
blight 0.2654 415 144 463 188
blight 0.0933 140 203 195 258
blight 0.0891 428 153 510 185
blight 0.0655 340 52 396 94
blight 0.0630 -2 542 65 592
blight 0.0567 283 572 344 594
blight 0.0495 331 31 406 105
blight 0.0492 550 513 587 573
blight 0.0446 403 124 450 189
blight 0.0445 250 571 313 595
blight 0.0445 543 542 593 592
blight 0.0434 397 137 480 206
blight 0.0428 131 569 227 599
blight 0.0409 215 571 280 595
blight 0.0390 446 142 518 178
blight 0.0389 534 514 573 568
blight 0.0378 567 500 593 571
blight 0.0374 25 567 94 593
blight 0.0360 518 512 556 554
blight 0.0344 427 129 475 185
blight 0.0340 447 293 504 409
blight 0.0339 344 442 387 506
blight 0.0336 3 114 60 176
blight 0.0333 21 549 86 589
blight 0.0328 460 151 527 190
blight 0.0325 288 554 335 587
blight 0.0323 15 -1 99 17
blight 0.0308 502 511 541 552
blight 0.0307 423 128 523 190
blight 0.0307 523 571 589 595
blight 0.0304 362 408 396 472
blight 0.0301 484 571 556 594
blight 0.0288 308 574 371 595
blight 0.0274 321 463 364 514
blight 0.0273 500 495 541 535
blight 0.0271 438 345 485 405
blight 0.0267 -7 89 30 117
blight 0.0264 53 573 112 596
blight 0.0261 404 501 438 555
blight 0.0261 85 157 123 204
blight 0.0260 351 399 381 454
blight 0.0259 371 22 445 75
blight 0.0256 -30 568 50 648
blight 0.0256 5 520 100 589
blight 0.0251 3 75 19 137
blight 0.0248 -3 344 17 425
blight 0.0247 519 193 585 232
blight 0.0246 346 385 377 435
blight 0.0242 -7 565 48 594
blight 0.0241 514 198 553 258
blight 0.0238 343 517 374 572
blight 0.0237 22 13 92 65
blight 0.0237 344 472 381 524
blight 0.0236 10 64 38 128
Anthrax 0.9995 158 123 489 419
Anthrax 0.9970 6 173 176 298
Anthrax 0.9861 450 260 596 530
Anthrax 0.1293 454 393 525 519
Anthrax 0.1130 565 95 599 185
Anthrax 0.0778 6 211 105 305
Anthrax 0.0710 485 274 716 539
Anthrax 0.0634 218 333 324 428
Anthrax 0.0601 74 194 186 244
Anthrax 0.0505 408 1 506 80
Anthrax 0.0457 534 65 598 159
Anthrax 0.0388 472 361 570 471
Anthrax 0.0364 557 88 595 150
Anthrax 0.0323 450 443 499 525
Anthrax 0.0295 183 537 237 565
Anthrax 0.0289 443 250 511 307
Anthrax 0.0287 409 33 473 87
Anthrax 0.0277 585 104 613 178
Anthrax 0.0271 39 98 124 133
Anthrax 0.0267 510 181 609 223
Anthrax 0.0261 565 100 641 186
Anthrax 0.0250 237 104 321 135
Anthrax 0.0249 209 534 258 570
Anthrax 0.0245 129 568 229 599
Anthrax 0.0237 122 584 220 647
Anthrax 0.0237 45 109 126 155
Anthrax 0.0220 572 516 618 716
Anthrax 0.0216 551 116 591 159
Anthrax 0.0209 565 119 622 155
