iouv 0.2285 525 319 599 407
iouv 0.0610 491 142 603 228
iouv 0.0553 461 411 601 467
iouv 0.0502 559 335 597 400
iouv 0.0294 0 469 108 567
iouv 0.0288 471 272 582 383
iouv 0.0278 323 282 467 371
iouv 0.0273 270 -16 384 47
iouv 0.0267 502 154 583 207
iouv 0.0236 505 68 596 216
iouv 0.0210 285 -4 400 28
iouv 0.0186 219 283 332 397
iouv 0.0181 542 356 591 394
iouv 0.0175 439 257 577 337
iouv 0.0163 287 306 410 405
iouv 0.0161 566 218 594 295
iouv 0.0156 9 347 216 549
iouv 0.0154 390 261 499 334
iouv 0.0140 564 400 595 469
iouv 0.0133 323 5 422 117
iouv 0.0133 274 338 375 440
iouv 0.0126 243 -2 359 33
iouv 0.0124 322 138 424 239
iouv 0.0123 547 48 609 196
iouv 0.0121 565 302 597 374
iouv 0.0119 321 25 458 158
iouv 0.0117 143 339 224 438
iouv 0.0111 433 265 478 323
iouv 0.0109 560 356 617 393
iouv 0.0106 -3 -26 20 37
iouv 0.0102 415 -12 504 62
blight 0.6428 469 18 516 63
blight 0.1059 465 0 533 68
blight 0.0677 526 190 572 255
blight 0.0633 419 0 500 68
blight 0.0621 456 14 498 62
blight 0.0494 484 31 521 113
blight 0.0338 489 15 537 76
blight 0.0308 510 169 562 235
blight 0.0299 488 159 527 221
blight 0.0297 499 152 548 220
blight 0.0278 437 131 504 176
blight 0.0266 472 22 542 137
blight 0.0265 43 403 88 489
blight 0.0265 9 347 216 549
blight 0.0254 398 0 486 28
blight 0.0235 431 152 520 189
blight 0.0231 417 129 522 205
blight 0.0224 -19 227 30 268
blight 0.0221 438 -3 540 21
blight 0.0215 394 445 419 512
blight 0.0213 428 32 488 67
blight 0.0208 412 210 488 259
blight 0.0200 -19 591 36 614
blight 0.0199 567 375 622 404
blight 0.0190 -19 243 28 283
blight 0.0184 55 406 102 452
blight 0.0174 490 -23 523 38
blight 0.0170 -17 211 34 254
blight 0.0165 364 424 446 450
blight 0.0162 528 312 600 406
blight 0.0159 353 400 446 437
blight 0.0159 -6 223 54 272
blight 0.0157 -16 -6 40 18
blight 0.0157 548 -3 637 22
blight 0.0155 265 586 358 611
blight 0.0154 363 -3 452 22
blight 0.0154 468 318 527 369
blight 0.0153 560 356 617 393
blight 0.0152 580 317 628 371
blight 0.0150 504 -22 541 35
blight 0.0149 -14 259 32 300
blight 0.0148 -6 568 18 637
blight 0.0147 488 -2 586 21
blight 0.0144 -2 278 66 319
blight 0.0143 396 442 444 504
blight 0.0141 583 345 615 403
blight 0.0141 402 195 458 237
blight 0.0140 232 0 342 32
blight 0.0140 439 3 483 56
blight 0.0139 479 143 539 199
blight 0.0137 376 455 404 522
blight 0.0136 544 197 584 272
blight 0.0135 472 -15 506 42
blight 0.0134 465 39 521 85
blight 0.0131 189 271 272 319
blight 0.0130 495 211 555 248
blight 0.0129 491 46 546 95
blight 0.0128 -37 566 39 650
blight 0.0128 376 -1 546 47
blight 0.0124 478 47 509 123
blight 0.0118 408 436 462 474
blight 0.0116 442 -17 477 35
blight 0.0116 498 59 540 148
blight 0.0115 425 -21 460 30
blight 0.0115 213 429 311 484
blight 0.0115 451 590 496 627
blight 0.0114 0 291 74 335
blight 0.0113 584 294 614 365
Anthrax 0.9551 239 254 484 387
Anthrax 0.1026 474 323 531 383
Anthrax 0.0792 471 539 608 600
Anthrax 0.0649 528 312 600 406
Anthrax 0.0571 450 261 579 340
Anthrax 0.0535 566 222 594 302
Anthrax 0.0347 502 558 590 595
Anthrax 0.0328 550 39 592 101
Anthrax 0.0316 492 156 559 214
Anthrax 0.0316 518 410 589 467
Anthrax 0.0293 187 87 251 119
Anthrax 0.0278 561 22 601 84
Anthrax 0.0277 179 96 230 153
Anthrax 0.0262 424 7 505 49
Anthrax 0.0256 410 153 531 218
Anthrax 0.0251 559 335 597 400
Anthrax 0.0245 482 564 589 645
Anthrax 0.0225 534 60 572 123
Anthrax 0.0222 524 42 582 98
Anthrax 0.0214 398 268 487 297
Anthrax 0.0214 220 382 303 458
Anthrax 0.0210 504 574 591 604
Anthrax 0.0208 510 195 572 255
Anthrax 0.0202 493 332 542 401
Anthrax 0.0199 232 443 269 493
Anthrax 0.0187 583 345 615 403
Anthrax 0.0184 491 142 603 228
Anthrax 0.0180 574 232 622 291
Anthrax 0.0179 542 213 590 284
Anthrax 0.0178 158 94 245 204
Anthrax 0.0176 517 77 559 139
Anthrax 0.0173 473 397 602 466
Anthrax 0.0172 306 -7 373 33
Anthrax 0.0172 308 1 402 44
Anthrax 0.0172 96 106 224 200
Anthrax 0.0170 359 320 448 403
Anthrax 0.0169 371 455 451 549
Anthrax 0.0165 513 74 603 168
Anthrax 0.0164 236 377 288 434
Anthrax 0.0162 564 400 595 469
Anthrax 0.0159 481 564 674 609
Anthrax 0.0157 566 203 630 231
Anthrax 0.0154 82 541 145 590
Anthrax 0.0153 330 442 419 534
