iouv 0.0634 383 192 491 292
iouv 0.0565 234 101 330 230
iouv 0.0411 258 168 374 253
iouv 0.0391 296 296 349 328
iouv 0.0366 304 179 403 263
iouv 0.0338 -24 359 139 439
iouv 0.0196 48 341 165 418
iouv 0.0191 87 341 174 377
iouv 0.0190 263 320 349 426
iouv 0.0182 75 330 166 362
iouv 0.0180 152 498 269 596
iouv 0.0175 112 197 222 301
iouv 0.0156 414 189 536 274
iouv 0.0147 311 279 376 315
iouv 0.0140 275 290 351 354
iouv 0.0139 217 138 298 250
iouv 0.0133 201 318 287 432
iouv 0.0129 27 370 130 416
iouv 0.0119 285 173 397 219
iouv 0.0115 559 451 604 553
iouv 0.0115 323 263 382 297
iouv 0.0100 245 490 320 538
blight 0.0580 252 245 278 304
blight 0.0439 264 246 286 300
blight 0.0439 371 259 422 294
blight 0.0376 299 286 354 319
blight 0.0358 167 319 225 369
blight 0.0350 297 249 326 309
blight 0.0344 365 228 413 299
blight 0.0321 234 244 268 299
blight 0.0304 311 252 342 315
blight 0.0283 245 210 284 283
blight 0.0283 284 251 307 298
blight 0.0261 315 227 343 290
blight 0.0254 291 297 344 331
blight 0.0251 339 274 415 306
blight 0.0248 311 318 341 369
blight 0.0243 261 200 297 279
blight 0.0223 141 294 224 363
blight 0.0205 294 268 333 323
blight 0.0201 311 279 376 315
blight 0.0199 329 303 358 355
blight 0.0197 260 563 351 591
blight 0.0194 275 284 319 313
blight 0.0187 232 568 295 592
blight 0.0187 336 378 382 437
blight 0.0184 338 247 409 296
blight 0.0179 329 351 358 418
blight 0.0177 221 285 279 307
blight 0.0176 308 306 343 349
blight 0.0165 563 -10 643 19
blight 0.0163 82 179 140 224
blight 0.0162 269 266 312 298
blight 0.0156 256 285 298 310
blight 0.0156 348 204 435 294
blight 0.0154 302 266 352 302
blight 0.0152 -16 141 45 227
blight 0.0149 358 305 394 367
blight 0.0149 269 16 343 58
blight 0.0147 345 311 375 365
blight 0.0137 252 302 307 329
blight 0.0137 217 563 274 589
blight 0.0131 580 505 624 569
blight 0.0130 64 102 153 188
blight 0.0129 250 265 290 297
blight 0.0128 246 177 289 256
blight 0.0126 334 381 359 456
blight 0.0126 373 281 430 308
blight 0.0123 372 301 409 365
blight 0.0123 359 209 405 281
blight 0.0122 245 273 287 319
blight 0.0121 316 289 391 327
blight 0.0120 372 238 439 289
blight 0.0120 -12 162 38 202
blight 0.0116 -3 533 31 599
blight 0.0116 187 337 214 396
blight 0.0115 584 -28 621 42
blight 0.0114 330 396 360 426
blight 0.0112 55 359 145 394
blight 0.0112 246 13 312 67
blight 0.0112 368 192 413 252
blight 0.0111 310 331 343 396
blight 0.0110 250 324 275 363
blight 0.0109 215 248 251 298
blight 0.0108 225 513 272 589
blight 0.0106 64 -41 326 196
blight 0.0105 100 92 137 175
blight 0.0103 255 588 330 609
blight 0.0103 86 127 144 169
blight 0.0103 133 77 167 158
blight 0.0103 330 308 379 344
blight 0.0102 -3 410 21 496
blight 0.0102 -8 579 30 625
blight 0.0101 294 410 346 474
blight 0.0101 -12 296 37 333
blight 0.0100 343 347 373 428
Anthrax 0.9999 195 333 347 539
Anthrax 0.0741 142 492 251 600
Anthrax 0.0408 224 508 271 586
Anthrax 0.0371 530 423 593 561
Anthrax 0.0338 163 318 218 367
Anthrax 0.0245 229 424 345 537
Anthrax 0.0232 -9 361 117 448
Anthrax 0.0170 328 413 355 486
Anthrax 0.0161 94 182 158 223
Anthrax 0.0148 284 289 341 332
Anthrax 0.0147 221 81 375 253
Anthrax 0.0134 154 474 185 550
Anthrax 0.0134 214 323 309 464
Anthrax 0.0131 86 177 130 259
Anthrax 0.0128 141 294 224 363
Anthrax 0.0124 284 320 333 368
Anthrax 0.0124 568 514 611 707
Anthrax 0.0113 170 194 232 243
Anthrax 0.0112 221 340 275 384
Anthrax 0.0112 576 584 629 629
Anthrax 0.0111 139 475 171 545
Anthrax 0.0110 184 410 217 495
Anthrax 0.0108 167 458 200 529
Anthrax 0.0106 198 492 256 556
Anthrax 0.0102 260 333 325 364
Anthrax 0.0101 334 381 359 456
Anthrax 0.0101 240 500 277 562
Anthrax 0.0100 268 471 351 573
