iouv 0.0691 402 397 530 479
iouv 0.0400 136 15 247 110
iouv 0.0263 23 102 135 164
iouv 0.0244 278 225 378 320
iouv 0.0225 252 122 365 198
iouv 0.0108 460 408 527 477
blight 0.0476 253 5 332 44
blight 0.0305 562 588 632 616
blight 0.0296 71 321 171 409
blight 0.0281 -11 586 30 627
blight 0.0272 398 148 450 195
blight 0.0258 9 225 100 263
blight 0.0236 -32 571 41 651
blight 0.0223 83 327 148 371
blight 0.0217 -16 314 26 343
blight 0.0216 171 561 318 598
blight 0.0214 -16 297 25 327
blight 0.0212 585 582 620 634
blight 0.0209 13 530 80 559
blight 0.0209 23 237 105 278
blight 0.0206 -16 281 24 311
blight 0.0202 567 -6 632 18
blight 0.0201 17 275 75 308
blight 0.0200 544 447 586 492
blight 0.0197 -16 329 26 359
blight 0.0196 216 0 287 23
blight 0.0194 368 -1 442 19
blight 0.0190 14 516 77 545
blight 0.0189 -6 167 26 214
blight 0.0187 244 565 332 596
blight 0.0186 -15 266 26 296
blight 0.0185 529 456 580 483
blight 0.0181 15 111 81 157
blight 0.0181 241 2 317 27
blight 0.0181 13 499 82 536
blight 0.0175 18 260 76 295
blight 0.0171 405 124 444 186
blight 0.0171 564 567 635 595
blight 0.0169 -20 568 34 597
blight 0.0163 -17 345 25 375
blight 0.0161 -2 476 20 565
blight 0.0160 -6 197 26 245
blight 0.0160 -6 230 28 278
blight 0.0158 -14 490 27 521
blight 0.0157 409 159 440 205
blight 0.0157 408 561 503 594
blight 0.0157 -14 506 27 536
blight 0.0156 531 471 579 494
blight 0.0156 394 164 432 211
blight 0.0156 358 3 420 42
blight 0.0154 -18 -5 39 18
blight 0.0153 565 137 625 165
blight 0.0151 171 585 290 611
blight 0.0150 -3 268 18 351
blight 0.0150 565 121 624 149
blight 0.0150 -14 153 29 184
blight 0.0146 387 4 448 80
blight 0.0145 -17 360 24 391
blight 0.0144 518 561 598 589
blight 0.0142 547 591 605 614
blight 0.0141 430 545 515 590
blight 0.0138 565 153 624 181
blight 0.0138 10 281 52 309
blight 0.0136 323 10 391 41
blight 0.0136 -13 136 30 169
blight 0.0134 13 544 87 578
blight 0.0133 564 393 624 422
blight 0.0133 566 105 624 133
blight 0.0132 220 7 287 42
blight 0.0131 577 162 626 210
blight 0.0131 -2 156 21 246
blight 0.0130 -2 237 21 325
blight 0.0129 536 135 575 165
blight 0.0129 0 567 68 596
blight 0.0129 -14 120 29 153
blight 0.0128 285 7 363 46
blight 0.0128 13 481 80 521
blight 0.0128 -7 519 25 566
blight 0.0127 270 1 352 26
blight 0.0127 -16 377 23 407
blight 0.0127 522 143 571 186
blight 0.0126 9 560 96 590
blight 0.0126 -17 332 38 406
blight 0.0126 -17 185 39 265
blight 0.0125 544 415 587 462
blight 0.0125 198 5 261 45
blight 0.0124 -15 103 27 136
blight 0.0124 554 578 646 658
blight 0.0124 -15 441 25 473
blight 0.0124 6 145 50 194
blight 0.0123 530 438 579 469
blight 0.0123 363 -9 445 51
blight 0.0123 581 437 625 482
blight 0.0123 -5 590 59 615
blight 0.0122 -14 474 27 504
blight 0.0122 19 292 73 324
blight 0.0122 171 534 244 568
blight 0.0122 565 185 623 213
blight 0.0121 365 153 425 186
blight 0.0120 29 514 104 554
blight 0.0120 577 402 626 449
blight 0.0119 8 257 49 304
blight 0.0119 9 297 51 325
Anthrax 0.9998 121 208 371 457
Anthrax 0.1420 136 15 247 110
Anthrax 0.0928 395 6 455 82
Anthrax 0.0887 498 5 556 89
Anthrax 0.0466 269 39 320 110
Anthrax 0.0441 507 35 564 106
Anthrax 0.0422 358 3 420 42
Anthrax 0.0379 79 54 174 128
Anthrax 0.0369 98 49 146 103
Anthrax 0.0359 249 316 355 424
Anthrax 0.0317 486 2 531 84
Anthrax 0.0313 385 3 441 56
Anthrax 0.0304 224 323 314 441
Anthrax 0.0287 267 45 365 134
Anthrax 0.0262 244 339 290 420
Anthrax 0.0240 452 290 576 406
Anthrax 0.0239 516 8 568 51
Anthrax 0.0233 531 74 562 148
Anthrax 0.0225 390 2 483 123
Anthrax 0.0220 512 56 553 135
Anthrax 0.0218 366 184 457 268
Anthrax 0.0206 356 -1 434 21
Anthrax 0.0203 524 511 575 563
Anthrax 0.0191 146 1 226 22
Anthrax 0.0190 484 204 535 228
Anthrax 0.0189 524 23 569 90
Anthrax 0.0185 500 248 554 274
Anthrax 0.0170 498 260 552 291
Anthrax 0.0167 258 317 323 377
Anthrax 0.0163 190 208 263 260
Anthrax 0.0162 565 -58 618 94
Anthrax 0.0160 394 411 525 488
Anthrax 0.0160 494 61 573 159
Anthrax 0.0160 474 402 527 484
Anthrax 0.0157 512 3 567 24
Anthrax 0.0154 502 201 555 229
Anthrax 0.0154 266 122 326 193
Anthrax 0.0154 434 451 526 490
Anthrax 0.0153 140 -2 202 36
Anthrax 0.0153 176 344 287 454
Anthrax 0.0152 125 54 214 138
