iouv 0.0469 1 89 66 179
iouv 0.0394 47 466 171 597
iouv 0.0302 5 225 47 461
iouv 0.0221 93 90 220 180
iouv 0.0200 2 74 39 146
iouv 0.0184 150 206 231 353
iouv 0.0169 15 8 100 121
iouv 0.0169 -1 118 87 216
iouv 0.0148 312 591 365 610
iouv 0.0145 7 12 47 102
iouv 0.0138 85 355 167 403
iouv 0.0138 100 121 182 178
iouv 0.0135 39 354 152 431
iouv 0.0120 171 347 222 408
iouv 0.0117 227 29 326 118
iouv 0.0116 2 11 27 105
iouv 0.0109 0 90 24 172
iouv 0.0102 104 335 171 382
iouv 0.0101 122 356 178 396
iouv 0.0100 189 404 306 507
blight 0.1299 202 309 278 412
blight 0.0557 568 228 595 303
blight 0.0504 15 533 62 604
blight 0.0493 300 275 351 322
blight 0.0478 6 336 40 489
blight 0.0468 587 233 615 301
blight 0.0433 131 177 164 277
blight 0.0425 102 261 179 358
blight 0.0423 41 391 102 470
blight 0.0414 5 446 41 531
blight 0.0397 -26 563 42 646
blight 0.0386 505 245 535 310
blight 0.0380 493 174 519 231
blight 0.0376 495 441 522 513
blight 0.0370 520 229 548 293
blight 0.0367 232 316 286 387
blight 0.0359 187 355 273 440
blight 0.0358 492 144 519 202
blight 0.0356 289 291 334 330
blight 0.0351 537 214 565 282
blight 0.0341 440 194 475 254
blight 0.0339 193 368 238 431
blight 0.0337 534 239 564 308
blight 0.0333 554 223 587 295
blight 0.0330 273 294 311 329
blight 0.0329 49 423 90 497
blight 0.0323 180 386 218 449
blight 0.0321 14 376 83 475
blight 0.0318 478 176 503 233
blight 0.0318 520 258 551 327
blight 0.0308 489 249 519 310
blight 0.0307 0 377 22 476
blight 0.0295 475 123 502 179
blight 0.0295 0 500 46 616
blight 0.0285 243 247 273 300
blight 0.0284 479 152 504 211
blight 0.0282 269 264 346 335
blight 0.0277 99 2 146 52
blight 0.0274 580 254 623 313
blight 0.0268 244 300 280 344
blight 0.0267 489 414 518 469
blight 0.0267 422 158 450 212
blight 0.0265 3 431 23 514
blight 0.0264 440 154 468 214
blight 0.0263 171 322 242 399
blight 0.0258 262 293 298 339
blight 0.0256 492 115 520 165
blight 0.0256 19 2 101 87
blight 0.0256 265 245 293 302
blight 0.0256 246 274 275 318
blight 0.0254 587 576 616 628
blight 0.0250 284 246 313 299
blight 0.0250 3 64 39 133
blight 0.0248 30 3 99 46
blight 0.0247 164 443 203 495
blight 0.0243 572 255 599 330
blight 0.0241 506 218 533 274
blight 0.0240 133 570 191 593
blight 0.0239 449 187 482 217
blight 0.0239 469 434 508 475
blight 0.0237 506 184 533 247
blight 0.0234 83 294 161 363
blight 0.0233 441 177 470 232
blight 0.0232 198 53 234 110
blight 0.0229 88 -2 148 23
blight 0.0228 504 413 534 466
blight 0.0225 266 271 295 319
blight 0.0224 585 269 614 326
blight 0.0223 134 -3 193 22
blight 0.0220 220 292 294 362
blight 0.0218 266 577 295 619
blight 0.0216 102 282 141 338
Anthrax 0.9054 322 214 452 291
Anthrax 0.1480 381 214 452 275
Anthrax 0.1162 20 8 106 124
Anthrax 0.0932 170 509 264 605
Anthrax 0.0763 69 401 161 493
Anthrax 0.0580 39 354 152 431
Anthrax 0.0420 93 90 220 180
Anthrax 0.0388 5 446 41 531
Anthrax 0.0386 7 12 47 102
Anthrax 0.0376 113 0 156 74
Anthrax 0.0374 190 404 308 506
Anthrax 0.0342 5 225 47 461
Anthrax 0.0338 59 99 110 161
Anthrax 0.0335 -1 118 87 216
Anthrax 0.0305 171 347 222 408
Anthrax 0.0298 127 217 164 286
Anthrax 0.0295 322 220 370 287
Anthrax 0.0294 99 2 146 52
Anthrax 0.0279 40 469 117 591
Anthrax 0.0279 31 0 109 47
Anthrax 0.0260 424 297 469 329
Anthrax 0.0256 4 254 43 367
Anthrax 0.0256 414 295 467 356
Anthrax 0.0255 37 7 80 37
Anthrax 0.0255 162 142 233 345
Anthrax 0.0254 393 310 460 344
Anthrax 0.0250 365 303 465 395
Anthrax 0.0249 410 210 461 265
Anthrax 0.0248 65 5 114 40
Anthrax 0.0247 57 374 118 412
Anthrax 0.0244 65 -2 139 22
Anthrax 0.0233 6 336 40 489
Anthrax 0.0232 35 3 111 26
Anthrax 0.0223 402 224 444 288
Anthrax 0.0222 216 108 307 159
Anthrax 0.0219 338 212 418 271
Anthrax 0.0214 4 202 42 269
Anthrax 0.0214 81 0 124 34
Anthrax 0.0207 17 83 105 182
Anthrax 0.0206 197 507 231 566
Anthrax 0.0203 200 523 262 583
Anthrax 0.0201 0 244 20 360
Anthrax 0.0200 82 440 133 496
Anthrax 0.0196 33 490 80 584
