iouv 0.0348 133 38 446 470
iouv 0.0269 461 537 570 587
iouv 0.0160 501 14 593 59
iouv 0.0138 48 138 96 197
iouv 0.0131 558 588 630 614
iouv 0.0120 566 510 597 599
iouv 0.0112 302 474 406 583
iouv 0.0104 391 1 476 32
blight 0.2334 164 1 215 44
blight 0.1179 158 1 250 67
blight 0.1087 98 366 200 424
blight 0.0763 37 63 120 147
blight 0.0715 108 3 207 40
blight 0.0593 43 1 111 51
blight 0.0513 77 116 149 160
blight 0.0471 25 69 85 104
blight 0.0439 109 386 210 441
blight 0.0427 146 3 225 28
blight 0.0407 -1 141 16 248
blight 0.0391 27 18 82 57
blight 0.0387 16 60 60 91
blight 0.0372 6 4 37 81
blight 0.0358 14 49 92 124
blight 0.0343 7 491 53 544
blight 0.0333 130 6 215 65
blight 0.0321 1 31 40 105
blight 0.0316 22 11 51 67
blight 0.0309 39 41 97 75
blight 0.0299 319 5 369 47
blight 0.0295 73 -5 107 44
blight 0.0295 2 494 23 579
blight 0.0293 69 18 138 51
blight 0.0285 156 12 198 59
blight 0.0280 11 -16 39 44
blight 0.0276 0 499 41 592
blight 0.0268 83 35 155 70
blight 0.0267 62 0 136 42
blight 0.0258 180 1 250 26
blight 0.0257 -3 -22 20 45
blight 0.0253 549 401 586 467
blight 0.0242 458 -14 490 35
blight 0.0241 224 23 268 70
blight 0.0239 58 100 140 146
blight 0.0233 16 40 62 75
blight 0.0231 151 25 230 74
blight 0.0216 87 26 184 54
blight 0.0212 154 -13 193 39
blight 0.0207 182 -14 220 34
blight 0.0206 41 83 110 127
blight 0.0201 23 45 77 91
blight 0.0198 552 364 582 445
blight 0.0197 327 2 387 24
blight 0.0191 3 142 43 228
blight 0.0186 119 37 185 69
blight 0.0186 56 65 91 125
blight 0.0186 193 33 262 79
blight 0.0178 154 28 255 103
blight 0.0177 538 360 569 426
blight 0.0177 474 -12 504 38
blight 0.0176 562 0 629 24
blight 0.0174 582 579 616 628
Anthrax 0.9985 1 247 105 429
Anthrax 0.9964 438 37 537 216
Anthrax 0.9692 130 26 463 481
Anthrax 0.2915 15 301 94 405
Anthrax 0.2179 378 0 479 52
Anthrax 0.1731 473 127 567 227
Anthrax 0.0890 44 343 120 422
Anthrax 0.0853 241 162 283 232
Anthrax 0.0848 359 173 420 237
Anthrax 0.0797 469 44 547 163
Anthrax 0.0689 -1 249 64 352
Anthrax 0.0538 171 3 248 43
Anthrax 0.0516 350 10 435 57
Anthrax 0.0478 244 7 289 36
Anthrax 0.0472 8 284 43 356
Anthrax 0.0464 0 239 41 326
Anthrax 0.0414 326 9 386 62
Anthrax 0.0398 225 177 275 264
