iouv 0.0154 176 48 291 146
iouv 0.0121 220 39 329 128
iouv 0.0104 336 59 443 170
iouv 0.0100 386 78 477 179
blight 0.0256 207 291 273 463
blight 0.0249 -7 482 40 523
blight 0.0246 -2 469 21 564
blight 0.0203 240 315 303 483
blight 0.0198 270 318 331 473
blight 0.0193 179 268 247 434
blight 0.0193 207 361 269 577
blight 0.0192 331 322 395 474
blight 0.0188 226 303 364 460
blight 0.0184 299 321 363 471
blight 0.0182 -13 -3 38 19
blight 0.0171 359 321 429 480
blight 0.0163 241 368 301 568
blight 0.0163 -4 -27 21 46
blight 0.0163 191 280 327 432
blight 0.0161 -1 243 17 323
blight 0.0155 174 360 238 582
blight 0.0149 247 250 407 391
blight 0.0144 -4 215 16 293
blight 0.0143 301 31 330 88
blight 0.0142 586 578 618 634
blight 0.0141 276 300 437 457
blight 0.0137 135 266 211 433
blight 0.0127 311 22 344 87
blight 0.0126 -3 263 15 360
blight 0.0125 0 495 19 608
blight 0.0125 337 244 399 401
blight 0.0124 -16 -28 42 42
blight 0.0123 0 472 54 535
blight 0.0121 180 212 245 369
blight 0.0121 523 -15 547 29
blight 0.0118 274 376 334 559
blight 0.0118 -4 125 17 219
blight 0.0117 208 213 272 374
blight 0.0114 139 335 201 546
blight 0.0113 274 247 333 403
blight 0.0113 588 234 611 307
blight 0.0112 304 246 363 399
blight 0.0110 585 489 613 559
blight 0.0109 532 -12 723 42
blight 0.0109 -2 232 26 274
blight 0.0108 -2 143 31 193
blight 0.0108 161 308 312 516
blight 0.0106 270 -6 468 52
blight 0.0105 563 589 633 616
blight 0.0105 367 239 433 406
blight 0.0105 539 -15 564 30
blight 0.0105 432 204 480 285
blight 0.0102 243 244 303 405
blight 0.0102 -3 366 16 430
Anthrax 0.9573 265 310 321 375
Anthrax 0.0263 7 110 77 143
Anthrax 0.0221 19 19 70 43
Anthrax 0.0195 217 26 264 45
Anthrax 0.0170 279 324 342 363
Anthrax 0.0166 247 44 313 71
Anthrax 0.0162 214 16 263 36
Anthrax 0.0160 261 329 315 400
Anthrax 0.0150 230 26 281 49
Anthrax 0.0145 210 486 304 591
Anthrax 0.0142 250 407 274 469
Anthrax 0.0141 49 476 92 512
Anthrax 0.0135 247 317 305 383
Anthrax 0.0135 -4 215 16 293
Anthrax 0.0134 413 592 491 614
Anthrax 0.0128 223 0 293 22
Anthrax 0.0126 307 17 349 72
Anthrax 0.0124 -4 -27 21 46
Anthrax 0.0123 287 25 338 56
Anthrax 0.0120 487 -1 571 21
Anthrax 0.0116 219 43 271 69
Anthrax 0.0111 562 173 616 204
Anthrax 0.0111 248 28 308 56
Anthrax 0.0110 201 453 430 769
Anthrax 0.0110 448 594 517 613
Anthrax 0.0109 82 592 158 614
Anthrax 0.0109 486 9 562 36
Anthrax 0.0107 176 28 239 50
Anthrax 0.0107 10 -15 39 46
Anthrax 0.0106 -1 439 23 522
Anthrax 0.0103 531 331 563 356
Anthrax 0.0103 -13 -3 38 19
Anthrax 0.0102 -7 523 31 725
Anthrax 0.0101 201 43 253 66
Anthrax 0.0101 280 34 333 67
Anthrax 0.0101 164 141 439 498
Anthrax 0.0101 464 231 510 293
Anthrax 0.0100 549 174 584 205
