iouv 0.0229 1387 2670 1798 3279
iouv 0.0173 1627 1141 1870 1739
iouv 0.0140 1263 1024 1915 1906
iouv 0.0122 1037 2543 1540 3156
iouv 0.0120 1494 2616 1790 3041
iouv 0.0102 1628 2638 1842 3048
blight 0.0174 92 489 648 1151
blight 0.0166 -163 -62 313 112
blight 0.0165 78 50 643 669
blight 0.0151 164 -16 644 161
blight 0.0144 1594 3743 1970 3941
blight 0.0142 188 20 577 315
blight 0.0141 1609 3897 1993 4058
blight 0.0135 2803 -84 3137 216
blight 0.0131 -109 1630 229 1871
blight 0.0129 -96 1527 238 1772
blight 0.0125 335 -7 702 387
blight 0.0124 -1133 -68 -925 184
blight 0.0123 -72 70 212 433
blight 0.0122 1800 3920 2158 4092
blight 0.0120 -1181 3935 -851 4101
blight 0.0118 1185 3721 1827 4362
blight 0.0107 -92 1421 215 1673
blight 0.0106 -1284 3820 -803 4383
blight 0.0104 -89 -9 297 322
Anthrax 0.9944 551 426 1858 2825
Anthrax 0.1024 1428 1673 1714 1954
Anthrax 0.0315 1328 1542 1790 2117
Anthrax 0.0304 832 1190 1106 1519
Anthrax 0.0230 582 2212 925 2686
Anthrax 0.0180 885 1677 1127 2124
Anthrax 0.0168 1447 1488 1798 1858
Anthrax 0.0167 423 1823 587 2327
Anthrax 0.0163 1186 378 1487 831
Anthrax 0.0163 1062 371 1638 1039
Anthrax 0.0163 485 1873 662 2345
Anthrax 0.0154 625 2296 892 2560
Anthrax 0.0142 1356 794 1722 1218
Anthrax 0.0142 -1140 3535 -852 4787
Anthrax 0.0137 1325 677 1576 1128
Anthrax 0.0136 1395 1673 1617 1866
Anthrax 0.0136 -1069 -340 611 2428
Anthrax 0.0135 -25 783 143 1315
Anthrax 0.0132 1470 904 1829 1321
Anthrax 0.0131 861 1331 1101 1811
Anthrax 0.0129 891 1905 1123 2352
Anthrax 0.0124 245 1958 495 2385
Anthrax 0.0122 1261 2202 1423 2344
Anthrax 0.0119 1691 636 2572 2660
Anthrax 0.0118 1438 1605 1669 1802
Anthrax 0.0117 510 2234 765 2677
Anthrax 0.0117 -30 1189 154 1654
Anthrax 0.0116 -1716 -67 -473 302
Anthrax 0.0115 550 1256 815 1858
Anthrax 0.0111 132 1913 412 2390
Anthrax 0.0109 545 918 785 1441
Anthrax 0.0107 2721 3639 3152 4582
Anthrax 0.0106 -61 1884 48 2343
Anthrax 0.0106 -48 1408 161 1851
Anthrax 0.0105 1266 2169 1531 2460
Anthrax 0.0104 2054 342 3680 2359
Anthrax 0.0104 57 446 803 2636
Anthrax 0.0104 -31 1762 149 2232
Anthrax 0.0103 -21 565 149 1082
Anthrax 0.0103 122 2294 636 2709
Anthrax 0.0102 205 864 874 1652
Anthrax 0.0102 1520 1703 1675 1855
Anthrax 0.0101 1622 1099 1863 1618
Anthrax 0.0100 46 765 277 1283
Anthrax 0.0100 -56 859 55 1413
Anthrax 0.0100 14 1774 681 2492
Anthrax 0.0100 -1949 3758 -541 4107
