iouv 0.1641 1987 3642 2429 4011
iouv 0.1202 2093 3707 2512 4107
iouv 0.1051 1842 3619 2310 3881
iouv 0.0571 1230 2176 1803 3598
iouv 0.0343 2102 3512 2879 4086
iouv 0.0303 431 1327 850 1503
iouv 0.0302 2635 2072 3002 2250
iouv 0.0290 2681 3855 3132 4172
iouv 0.0287 408 3626 1107 4182
iouv 0.0206 1810 3407 2481 3845
iouv 0.0205 2483 3847 2789 4167
iouv 0.0196 639 1323 1099 1542
iouv 0.0184 2773 1257 3101 1682
iouv 0.0182 1655 3535 2282 3957
iouv 0.0179 2569 1957 2994 2144
iouv 0.0179 2661 97 3052 451
iouv 0.0176 1545 3599 2090 3893
iouv 0.0170 2948 1305 3136 1630
iouv 0.0168 1555 3320 2262 3818
iouv 0.0160 480 1378 855 1592
iouv 0.0158 2753 2053 3129 2340
iouv 0.0153 2196 4075 2624 4206
iouv 0.0151 1027 3531 1378 3950
iouv 0.0149 2838 147 3096 494
iouv 0.0149 2354 3645 2768 4039
iouv 0.0143 198 2527 834 2720
iouv 0.0143 1887 2931 2425 3165
iouv 0.0143 2526 3643 3181 4148
iouv 0.0136 2549 4062 2952 4204
iouv 0.0134 2403 3814 2667 4164
iouv 0.0134 2738 4028 3156 4183
iouv 0.0132 910 2070 1271 2429
iouv 0.0130 323 2603 996 2800
iouv 0.0126 2274 3546 2570 3949
iouv 0.0124 673 2469 1113 2715
iouv 0.0121 2588 3851 2924 4156
iouv 0.0115 121 2857 850 3265
iouv 0.0114 2038 3062 2474 3252
iouv 0.0113 2806 2155 3034 2349
iouv 0.0105 272 2848 834 3017
iouv 0.0101 2728 3787 3075 3973
blight 0.2147 2736 3865 3120 4136
blight 0.1478 1202 1134 1433 1554
blight 0.1410 1397 3353 1579 3926
blight 0.1315 1378 3587 1579 4123
blight 0.1011 1153 1457 1644 2086
blight 0.0977 1273 1516 1502 1938
blight 0.0956 1389 1620 1661 2053
blight 0.0939 852 125 1100 583
blight 0.0887 1189 3584 1616 4050
blight 0.0763 1318 1636 1780 2207
blight 0.0754 2663 1086 2882 1504
blight 0.0744 1041 1219 1546 1966
blight 0.0726 114 12 543 289
blight 0.0688 1656 942 1858 1280
blight 0.0677 753 125 1002 578
blight 0.0674 2460 -18 3051 463
blight 0.0673 2751 1068 2957 1493
blight 0.0647 2750 59 3126 411
blight 0.0604 929 1429 1375 2098
blight 0.0554 2612 1622 2825 1981
blight 0.0547 1244 1243 1503 1709
blight 0.0546 1154 1631 1475 1985
blight 0.0543 1526 955 1727 1330
blight 0.0541 2005 528 2191 944
blight 0.0538 1785 1051 1971 1329
blight 0.0534 1379 3245 1639 3724
blight 0.0532 2603 102 2975 417
blight 0.0520 2292 12 2533 458
blight 0.0519 945 60 1208 482
blight 0.0507 864 336 1096 746
blight 0.0506 2114 530 2301 928
blight 0.0502 2313 547 2529 908
blight 0.0501 760 40 1217 322
blight 0.0501 1408 28 1661 455
blight 0.0495 630 1666 905 2122
blight 0.0485 2655 1342 2860 1822
blight 0.0480 2838 147 3096 494
blight 0.0477 2222 557 2422 919
blight 0.0472 2223 8 2408 462
blight 0.0472 1196 1349 1442 1918
blight 0.0470 1897 419 2071 787
blight 0.0464 484 1619 852 2040
blight 0.0463 1274 1037 1522 1400
blight 0.0458 2523 439 2742 768
blight 0.0457 1120 3408 1567 3940
blight 0.0456 1890 546 2066 939
blight 0.0452 938 2392 1227 2746
blight 0.0449 1741 1868 1965 2255
blight 0.0447 2431 651 2625 1045
blight 0.0445 2441 1735 2769 1960
blight 0.0442 1417 997 1645 1347
blight 0.0439 1881 284 2073 654
blight 0.0437 2561 1011 2748 1381
blight 0.0436 2631 430 2865 808
blight 0.0435 1379 3486 1851 4023
blight 0.0433 1202 881 1417 1304
blight 0.0428 808 1627 1032 2137
blight 0.0428 19 12 487 172
blight 0.0421 2727 2196 3043 2612
blight 0.0421 1772 438 1947 806
blight 0.0417 1277 3536 1564 3856
blight 0.0417 1061 44 1327 470
blight 0.0414 765 314 992 740
blight 0.0413 1764 300 1956 678
blight 0.0411 1284 31 1543 440
blight 0.0411 2396 1745 2676 2068
blight 0.0406 2313 765 2505 1128
blight 0.0404 1511 41 1773 478
blight 0.0401 749 1508 1141 2087
blight 0.0401 2108 426 2298 750
blight 0.0401 1963 64 2186 433
blight 0.0399 1028 1087 1491 1630
blight 0.0399 1174 46 1429 453
blight 0.0398 749 19 987 348
blight 0.0397 1251 2284 1803 3643
blight 0.0395 1980 285 2183 640
blight 0.0395 660 246 871 651
Anthrax 0.8344 1234 2199 1815 3632
Anthrax 0.0864 179 961 719 1216
Anthrax 0.0831 1027 3531 1378 3950
Anthrax 0.0680 674 1338 1091 1596
Anthrax 0.0589 2043 3715 2506 4069
Anthrax 0.0572 2971 1405 3149 1716
Anthrax 0.0508 1850 2717 2298 2979
Anthrax 0.0504 2810 1239 3103 1663
Anthrax 0.0455 981 1927 1234 2374
Anthrax 0.0450 947 1589 1224 2089
Anthrax 0.0433 1880 2826 2407 3092
Anthrax 0.0422 2608 1850 2900 2036
Anthrax 0.0391 1255 2125 1580 2497
Anthrax 0.0370 193 2410 728 2612
Anthrax 0.0328 499 971 981 1228
Anthrax 0.0313 1847 2632 2156 2851
Anthrax 0.0311 2700 1655 2828 1807
Anthrax 0.0308 2103 2739 2377 2957
Anthrax 0.0304 2650 1750 2817 1908
Anthrax 0.0290 2869 1470 3088 1766
Anthrax 0.0282 2735 1862 3012 2041
Anthrax 0.0281 2848 1637 2994 1800
Anthrax 0.0275 198 2527 834 2720
Anthrax 0.0273 1177 3554 1442 4000
Anthrax 0.0270 0 2026 218 2454
Anthrax 0.0267 -651 -35 -271 141
Anthrax 0.0261 1061 1564 1291 2028
Anthrax 0.0255 638 1055 1077 1284
Anthrax 0.0247 630 2377 1039 2596
Anthrax 0.0246 2829 1401 3067 1616
Anthrax 0.0240 1343 2245 1719 2553
Anthrax 0.0230 2799 2801 3087 3372
Anthrax 0.0230 1985 2946 2455 3173
Anthrax 0.0228 758 1177 1005 1432
Anthrax 0.0224 -3 2204 264 2561
Anthrax 0.0218 2823 1748 2982 1894
Anthrax 0.0217 29 264 204 769
Anthrax 0.0215 709 1223 1064 1365
Anthrax 0.0212 2955 1196 3117 1538
Anthrax 0.0212 2828 3172 3113 3406
Anthrax 0.0211 2537 1687 2822 1981
Anthrax 0.0210 172 1977 461 2453
Anthrax 0.0208 2934 1505 3160 1803
Anthrax 0.0204 395 3429 1008 3679
Anthrax 0.0203 2702 1357 3150 1957
Anthrax 0.0202 2913 1621 3101 1783
Anthrax 0.0202 382 2228 851 2569
Anthrax 0.0194 181 2243 637 2557
Anthrax 0.0194 1 1213 184 1603
Anthrax 0.0194 885 2183 1180 2566
Anthrax 0.0192 29 3593 453 3802
Anthrax 0.0191 2629 3876 3182 4171
Anthrax 0.0190 658 1371 1163 1816
Anthrax 0.0185 2828 1323 3030 1488
Anthrax 0.0184 8 926 466 1152
Anthrax 0.0182 1509 2150 1966 3507
Anthrax 0.0179 2851 1853 3136 2021
Anthrax 0.0175 2186 3068 2565 3267
Anthrax 0.0171 2385 3115 2864 3436
Anthrax 0.0170 851 997 1147 1309
Anthrax 0.0167 2613 64 3116 332
Anthrax 0.0167 1448 1887 1763 2259
Anthrax 0.0166 879 1861 1117 2369
Anthrax 0.0165 1418 1410 1818 1639
Anthrax 0.0164 367 2856 916 3024
Anthrax 0.0163 -583 3680 -270 5010
Anthrax 0.0162 -5 3570 198 3875
Anthrax 0.0162 3071 1346 3198 1659
