iouv 0.0736 1 0 317 283
iouv 0.0532 783 10 1081 179
iouv 0.0417 953 458 1087 821
iouv 0.0413 19 63 273 457
iouv 0.0304 377 9 691 309
iouv 0.0218 831 -14 1040 117
iouv 0.0186 872 -81 1007 93
iouv 0.0178 969 585 1109 916
iouv 0.0156 -6 419 120 862
iouv 0.0142 191 1504 550 1911
iouv 0.0117 298 474 638 964
iouv 0.0110 982 -59 1088 114
iouv 0.0105 881 399 1086 707
iouv 0.0105 977 285 1078 525
blight 0.0570 181 411 404 547
blight 0.0540 8 198 134 415
blight 0.0374 -57 1807 245 1910
blight 0.0255 618 49 736 322
blight 0.0235 116 276 420 522
blight 0.0229 490 294 687 501
blight 0.0227 689 317 982 436
blight 0.0205 661 114 822 305
blight 0.0198 -2 316 106 429
blight 0.0197 647 382 909 494
blight 0.0197 -18 1769 160 1885
blight 0.0183 -15 290 150 484
blight 0.0176 257 432 420 588
blight 0.0172 2 272 266 517
blight 0.0171 239 384 491 501
blight 0.0171 19 63 273 457
blight 0.0170 309 237 432 430
blight 0.0155 317 327 512 450
blight 0.0149 -27 338 67 426
blight 0.0149 137 373 421 613
blight 0.0143 556 330 746 446
blight 0.0135 471 235 602 425
blight 0.0135 1440 -40 1600 103
blight 0.0130 602 173 741 305
blight 0.0130 114 457 317 582
blight 0.0129 540 225 693 452
blight 0.0124 566 376 747 485
blight 0.0124 -449 -33 -349 88
blight 0.0122 -29 282 61 401
blight 0.0122 175 386 296 543
blight 0.0122 724 -21 977 81
blight 0.0120 -472 1888 -314 1968
blight 0.0116 683 254 922 372
blight 0.0115 246 332 382 521
blight 0.0110 814 506 958 740
blight 0.0110 154 1874 372 1956
blight 0.0109 -17 1711 128 1831
blight 0.0108 183 -6 339 101
blight 0.0106 -522 1833 -291 2103
blight 0.0106 311 333 436 511
blight 0.0105 108 355 324 501
blight 0.0104 615 -10 854 62
blight 0.0104 16 -12 312 198
blight 0.0104 -41 1883 195 1963
blight 0.0104 651 224 832 337
blight 0.0102 421 321 572 456
blight 0.0101 1410 1677 1567 2285
blight 0.0100 -38 371 49 484
Anthrax 0.9946 52 1028 525 1893
Anthrax 0.9765 300 492 628 1147
Anthrax 0.1538 1 0 317 283
Anthrax 0.1407 9 621 120 1094
Anthrax 0.1065 19 63 273 457
Anthrax 0.0671 -9 448 125 881
Anthrax 0.0666 322 26 675 336
Anthrax 0.0524 644 638 924 936
Anthrax 0.0457 -88 1196 560 2308
Anthrax 0.0420 56 726 147 1023
Anthrax 0.0351 187 43 529 353
Anthrax 0.0318 124 1027 498 1429
Anthrax 0.0310 331 1113 544 1833
Anthrax 0.0299 21 7 283 152
Anthrax 0.0260 13 167 141 403
Anthrax 0.0249 371 767 639 1132
Anthrax 0.0243 446 1145 635 1788
Anthrax 0.0243 352 808 538 1015
Anthrax 0.0229 961 466 1087 848
Anthrax 0.0228 538 40 716 336
Anthrax 0.0213 742 691 897 908
Anthrax 0.0212 -4 809 110 1233
Anthrax 0.0199 571 1169 724 1341
Anthrax 0.0197 150 1540 517 1881
Anthrax 0.0187 792 -11 1076 171
Anthrax 0.0182 -79 422 64 1147
Anthrax 0.0178 269 769 634 1661
Anthrax 0.0177 115 490 530 1408
Anthrax 0.0176 335 440 652 856
Anthrax 0.0167 -460 1706 -312 2287
