iouv 0.0395 -1 60 391 331
iouv 0.0195 423 18 507 115
iouv 0.0156 448 44 550 118
iouv 0.0150 302 146 373 241
iouv 0.0130 207 71 294 149
iouv 0.0126 1 124 37 198
iouv 0.0118 -2 130 17 203
iouv 0.0107 472 8 530 120
blight 0.0506 70 268 113 332
blight 0.0330 314 7 380 94
blight 0.0330 322 6 353 57
blight 0.0271 335 6 365 60
blight 0.0270 -3 22 14 103
blight 0.0259 198 28 280 74
blight 0.0250 271 63 341 96
blight 0.0247 221 15 311 81
blight 0.0242 102 2 152 52
blight 0.0232 309 8 337 55
blight 0.0221 34 -93 298 106
blight 0.0215 133 -99 394 103
blight 0.0212 499 -80 540 -38
blight 0.0210 103 4 132 42
blight 0.0204 -2 28 51 66
blight 0.0199 -10 -73 17 -36
blight 0.0198 136 42 188 90
blight 0.0189 440 168 508 270
blight 0.0188 373 60 436 99
blight 0.0187 95 188 132 225
blight 0.0186 -15 26 27 100
blight 0.0184 292 6 360 75
blight 0.0181 378 -91 666 74
blight 0.0178 116 2 177 30
blight 0.0175 501 435 532 483
blight 0.0174 101 364 161 391
blight 0.0170 92 0 119 34
blight 0.0170 372 91 415 143
blight 0.0169 92 -9 136 13
blight 0.0169 278 -1 331 27
blight 0.0169 -18 440 36 462
blight 0.0168 90 -20 140 1
blight 0.0166 486 -71 544 -48
blight 0.0162 -27 418 38 493
blight 0.0157 8 19 84 54
blight 0.0153 66 180 132 211
blight 0.0150 500 304 528 368
blight 0.0149 -9 433 28 476
blight 0.0148 293 -5 342 14
blight 0.0147 96 347 165 385
blight 0.0146 66 192 125 327
blight 0.0146 332 207 394 249
blight 0.0144 487 440 543 465
blight 0.0144 63 182 138 241
blight 0.0142 50 7 117 45
blight 0.0139 311 -1 358 40
blight 0.0137 -14 76 19 110
blight 0.0137 3 72 64 115
blight 0.0133 126 301 191 329
blight 0.0132 111 187 143 223
blight 0.0132 471 297 500 370
blight 0.0132 327 66 403 125
blight 0.0131 -1 29 25 78
blight 0.0130 448 -19 500 0
blight 0.0128 249 -78 285 -39
blight 0.0125 236 -78 272 -39
blight 0.0123 263 -78 298 -39
blight 0.0123 318 -78 352 -39
blight 0.0123 95 202 132 250
blight 0.0123 74 361 127 387
blight 0.0122 -17 58 27 130
blight 0.0122 296 4 324 35
blight 0.0122 113 -78 147 -39
blight 0.0122 152 -79 189 -40
blight 0.0121 304 -78 339 -39
blight 0.0121 82 193 124 244
blight 0.0121 -3 138 15 207
blight 0.0120 332 -77 366 -39
blight 0.0120 126 -78 160 -39
blight 0.0120 103 379 157 402
Anthrax 0.9673 -5 48 390 326
Anthrax 0.0373 381 65 422 126
Anthrax 0.0324 127 315 215 375
Anthrax 0.0313 332 207 394 249
Anthrax 0.0235 354 53 442 133
Anthrax 0.0228 372 57 407 108
Anthrax 0.0223 0 100 39 176
Anthrax 0.0192 65 -72 440 65
Anthrax 0.0190 132 295 190 333
Anthrax 0.0189 -6 116 23 161
Anthrax 0.0182 -5 380 29 570
Anthrax 0.0181 266 287 297 339
Anthrax 0.0179 353 61 387 111
Anthrax 0.0162 487 -140 536 13
Anthrax 0.0162 149 231 210 259
Anthrax 0.0161 291 -1 343 29
Anthrax 0.0158 423 18 509 117
Anthrax 0.0158 12 93 55 156
Anthrax 0.0153 0 124 41 326
Anthrax 0.0147 -3 431 18 483
Anthrax 0.0147 151 60 197 96
Anthrax 0.0147 363 82 413 137
Anthrax 0.0146 333 67 370 112
Anthrax 0.0146 501 435 532 483
Anthrax 0.0144 329 193 376 240
Anthrax 0.0140 378 187 404 246
Anthrax 0.0138 129 298 163 344
Anthrax 0.0134 401 -6 454 14
Anthrax 0.0134 -68 -31 395 212
Anthrax 0.0132 29 83 66 142
Anthrax 0.0132 359 183 393 246
Anthrax 0.0131 392 184 416 242
Anthrax 0.0130 99 277 138 340
Anthrax 0.0129 251 296 303 356
Anthrax 0.0122 50 249 114 332
Anthrax 0.0121 151 328 186 372
Anthrax 0.0121 407 4 469 27
Anthrax 0.0121 501 -87 531 -33
Anthrax 0.0120 249 293 281 338
Anthrax 0.0116 479 -105 563 -13
Anthrax 0.0115 491 384 530 562
Anthrax 0.0114 -11 107 26 137
Anthrax 0.0113 486 -71 544 -48
Anthrax 0.0112 178 230 235 260
Anthrax 0.0112 295 2 354 63
Anthrax 0.0112 198 67 249 101
Anthrax 0.0111 13 173 84 205
Anthrax 0.0111 168 324 201 372
Anthrax 0.0109 -9 -148 34 6
Anthrax 0.0109 -1 140 25 190
Anthrax 0.0107 -15 -67 22 -45
Anthrax 0.0106 309 8 337 55
Anthrax 0.0105 163 217 234 245
Anthrax 0.0105 305 287 378 385
Anthrax 0.0103 397 61 434 123
Anthrax 0.0100 69 276 110 334
