iouv 0.7958 89 13 136 81
iouv 0.6078 260 12 347 98
iouv 0.5665 338 4 413 73
iouv 0.4718 7 -2 69 101
iouv 0.4269 180 226 230 308
iouv 0.4141 297 230 387 289
iouv 0.3491 64 25 110 104
iouv 0.3297 431 285 502 385
iouv 0.3214 253 132 302 204
iouv 0.2881 155 186 214 231
iouv 0.2775 1 236 48 314
iouv 0.2672 293 124 342 190
iouv 0.2631 4 104 76 222
iouv 0.2147 64 169 106 240
iouv 0.2094 271 271 317 356
iouv 0.1659 151 78 239 111
iouv 0.1653 109 254 145 319
iouv 0.1570 191 130 268 209
iouv 0.1489 292 336 390 391
iouv 0.1472 201 237 236 301
iouv 0.1463 435 118 499 264
iouv 0.1359 98 283 168 346
iouv 0.1355 9 184 64 315
iouv 0.1331 160 361 255 429
iouv 0.1239 66 175 119 279
iouv 0.1207 284 355 398 411
iouv 0.1151 45 11 103 91
iouv 0.1132 228 121 292 212
iouv 0.1101 56 232 141 262
iouv 0.1091 103 299 186 365
iouv 0.1044 5 57 75 162
blight 0.0622 155 238 181 307
blight 0.0602 66 113 98 163
blight 0.0574 202 312 243 341
blight 0.0451 73 116 112 150
blight 0.0449 201 302 252 358
blight 0.0433 224 320 263 353
blight 0.0430 294 94 332 128
blight 0.0408 304 88 346 131
blight 0.0385 221 333 249 383
blight 0.0383 70 273 102 339
blight 0.0373 286 190 342 244
blight 0.0363 168 232 200 303
blight 0.0343 71 338 99 388
blight 0.0335 220 312 257 341
blight 0.0321 77 111 110 136
blight 0.0316 304 108 339 130
blight 0.0313 45 202 72 257
blight 0.0312 234 9 262 42
blight 0.0295 88 382 114 432
blight 0.0294 140 244 171 302
blight 0.0281 258 330 301 365
blight 0.0271 296 62 354 133
blight 0.0268 249 11 272 40
blight 0.0262 106 361 151 390
blight 0.0255 95 361 125 431
blight 0.0253 257 210 285 251
blight 0.0252 233 328 263 375
blight 0.0251 136 37 164 95
blight 0.0233 244 231 277 255
blight 0.0222 68 79 97 129
blight 0.0218 14 232 76 304
blight 0.0217 256 232 290 256
blight 0.0215 212 217 250 244
blight 0.0215 74 323 96 371
blight 0.0212 213 24 255 54
blight 0.0211 245 153 275 217
blight 0.0210 294 186 331 227
blight 0.0207 122 243 152 305
blight 0.0204 -4 -49 16 0
blight 0.0204 207 319 239 366
blight 0.0204 474 460 531 484
blight 0.0202 50 -64 271 119
blight 0.0202 201 301 240 330
blight 0.0200 82 273 113 332
blight 0.0199 257 335 290 384
blight 0.0198 95 47 130 105
blight 0.0198 231 229 264 254
blight 0.0197 236 316 280 365
blight 0.0197 191 307 229 348
blight 0.0196 229 217 265 245
blight 0.0194 90 259 141 329
blight 0.0194 60 266 87 328
blight 0.0192 213 283 247 337
blight 0.0190 309 406 380 434
blight 0.0190 136 95 164 136
blight 0.0184 154 -63 373 119
blight 0.0184 85 364 149 439
blight 0.0182 247 205 275 248
blight 0.0180 146 284 181 317
blight 0.0179 289 -45 313 -11
blight 0.0178 240 3 281 29
blight 0.0177 384 -46 407 -14
blight 0.0177 78 356 110 410
blight 0.0177 303 -46 326 -11
blight 0.0177 95 411 160 436
blight 0.0176 306 118 341 165
blight 0.0175 267 312 309 362
blight 0.0175 -26 445 35 514
blight 0.0175 276 -45 299 -11
blight 0.0172 -8 456 25 493
blight 0.0172 370 -46 393 -15
blight 0.0169 15 237 54 285
blight 0.0169 491 457 517 498
blight 0.0168 263 -46 286 -11
blight 0.0167 249 -47 273 -12
blight 0.0167 237 201 290 265
blight 0.0167 41 232 73 285
blight 0.0166 56 107 94 146
blight 0.0166 115 123 161 149
blight 0.0166 165 409 227 438
blight 0.0165 483 -45 523 -3
blight 0.0165 112 47 147 104
blight 0.0163 236 -47 259 -13
blight 0.0162 397 -47 420 -13
blight 0.0161 -1 299 15 368
blight 0.0160 75 302 95 349
blight 0.0160 339 444 415 511
Anthrax 0.3486 251 131 300 212
Anthrax 0.1988 350 86 408 130
Anthrax 0.1407 64 169 106 240
Anthrax 0.1407 239 251 279 314
Anthrax 0.1392 180 229 223 304
Anthrax 0.1320 401 346 453 436
Anthrax 0.1063 275 279 316 349
Anthrax 0.1038 205 390 283 442
Anthrax 0.1007 91 6 140 86
Anthrax 0.0902 258 387 332 429
Anthrax 0.0892 266 4 332 28
Anthrax 0.0780 179 0 233 59
Anthrax 0.0735 263 15 344 95
Anthrax 0.0726 108 280 174 341
Anthrax 0.0645 168 360 215 416
Anthrax 0.0615 153 186 220 230
Anthrax 0.0614 60 363 91 417
Anthrax 0.0571 100 125 184 182
Anthrax 0.0561 176 355 255 425
Anthrax 0.0518 63 43 103 112
Anthrax 0.0511 70 350 100 401
Anthrax 0.0507 57 119 88 170
Anthrax 0.0496 211 336 236 390
Anthrax 0.0489 340 137 402 233
Anthrax 0.0485 222 334 247 389
Anthrax 0.0482 418 291 477 325
Anthrax 0.0479 254 267 307 344
Anthrax 0.0477 396 180 443 237
Anthrax 0.0475 107 31 146 97
Anthrax 0.0456 275 90 321 129
Anthrax 0.0453 126 32 157 99
Anthrax 0.0410 233 403 268 443
Anthrax 0.0404 2 229 37 294
Anthrax 0.0392 213 391 269 423
Anthrax 0.0377 196 327 252 405
Anthrax 0.0361 249 2 302 27
Anthrax 0.0357 234 333 259 384
Anthrax 0.0350 250 11 299 42
Anthrax 0.0347 205 324 240 369
Anthrax 0.0347 443 3 504 72
Anthrax 0.0341 336 354 419 423
