iouv 0.0248 360 12 405 125
iouv 0.0223 0 264 38 372
iouv 0.0167 286 44 381 134
iouv 0.0138 322 214 400 273
iouv 0.0129 328 231 404 319
iouv 0.0117 374 46 412 141
iouv 0.0102 350 185 403 245
iouv 0.0101 130 15 354 162
blight 0.0264 324 8 367 84
blight 0.0215 356 570 409 627
blight 0.0213 276 -1 342 55
blight 0.0206 310 4 353 74
blight 0.0198 296 166 344 221
blight 0.0183 -14 593 57 620
blight 0.0175 335 551 419 623
blight 0.0173 286 185 323 248
blight 0.0170 277 161 360 255
blight 0.0157 315 102 348 181
blight 0.0153 362 259 395 335
blight 0.0152 300 118 340 195
blight 0.0149 282 563 343 623
blight 0.0145 58 7 135 48
blight 0.0144 123 81 170 140
blight 0.0137 272 172 327 218
blight 0.0135 495 -13 548 33
blight 0.0130 198 433 232 506
blight 0.0125 -2 330 34 399
blight 0.0119 332 491 361 550
blight 0.0118 280 127 368 219
blight 0.0117 -10 619 70 641
blight 0.0116 188 434 216 494
blight 0.0116 245 538 320 590
blight 0.0115 301 581 368 628
blight 0.0111 45 157 77 228
blight 0.0110 336 581 415 677
blight 0.0109 287 192 337 287
blight 0.0108 254 0 344 29
blight 0.0107 254 185 307 230
blight 0.0107 -12 575 54 612
blight 0.0105 -220 -10 -28 44
blight 0.0104 352 153 399 222
blight 0.0103 315 146 351 213
Anthrax 0.9861 66 274 330 601
Anthrax 0.9458 140 16 356 154
Anthrax 0.3001 327 413 381 519
Anthrax 0.1678 297 532 400 623
Anthrax 0.1594 49 356 230 634
Anthrax 0.1404 291 268 339 345
Anthrax 0.1155 202 534 314 612
Anthrax 0.0740 37 167 73 239
Anthrax 0.0513 307 283 345 358
Anthrax 0.0455 265 321 356 447
Anthrax 0.0417 174 480 216 539
Anthrax 0.0400 171 3 268 51
Anthrax 0.0370 294 259 361 376
Anthrax 0.0315 239 559 321 616
Anthrax 0.0303 273 50 365 100
Anthrax 0.0286 252 -1 339 51
Anthrax 0.0282 309 303 352 387
Anthrax 0.0273 211 544 261 608
Anthrax 0.0261 353 156 398 225
Anthrax 0.0254 156 509 249 608
Anthrax 0.0250 357 415 401 513
Anthrax 0.0240 354 542 396 622
Anthrax 0.0237 220 544 376 626
Anthrax 0.0233 204 286 271 330
Anthrax 0.0216 40 449 90 503
Anthrax 0.0214 330 398 371 483
Anthrax 0.0206 126 18 173 104
Anthrax 0.0201 56 525 110 621
Anthrax 0.0196 153 465 227 557
Anthrax 0.0195 44 542 92 610
