iouv 0.6713 144 173 392 366
iouv 0.2446 492 165 631 359
iouv 0.1014 174 374 282 521
iouv 0.0343 422 14 573 143
iouv 0.0190 528 51 570 145
iouv 0.0179 257 235 387 343
iouv 0.0172 616 -6 649 143
iouv 0.0150 -4 259 72 334
iouv 0.0144 473 141 581 248
iouv 0.0132 611 164 660 347
iouv 0.0130 558 169 647 348
iouv 0.0121 5 13 104 109
iouv 0.0121 613 21 661 205
iouv 0.0120 254 438 369 536
iouv 0.0116 183 205 305 251
iouv 0.0110 -3 7 48 194
iouv 0.0108 589 189 648 249
blight 0.0238 -27 577 43 608
blight 0.0227 -13 -76 24 -30
blight 0.0220 -35 556 50 647
blight 0.0215 614 577 690 610
blight 0.0207 131 165 231 244
blight 0.0199 323 65 361 203
blight 0.0186 149 185 213 257
blight 0.0183 172 390 296 517
blight 0.0175 -26 -96 45 -12
blight 0.0174 160 183 276 270
blight 0.0174 637 573 673 632
blight 0.0168 67 -103 369 140
blight 0.0161 -12 -27 34 0
blight 0.0161 343 120 416 194
blight 0.0159 114 254 188 297
blight 0.0147 387 136 428 205
blight 0.0145 407 141 445 205
blight 0.0145 190 -104 493 144
blight 0.0144 338 103 375 193
blight 0.0142 141 160 211 211
blight 0.0141 570 -8 626 15
blight 0.0140 636 -88 670 -25
blight 0.0138 -13 -12 33 16
blight 0.0137 50 178 141 221
blight 0.0135 127 225 183 316
blight 0.0135 407 129 478 177
blight 0.0134 237 -77 267 -34
blight 0.0134 220 -77 250 -33
blight 0.0132 254 -77 284 -34
blight 0.0129 202 -77 232 -34
blight 0.0129 -1 7 38 64
blight 0.0127 614 -68 688 -42
blight 0.0127 272 -76 302 -33
blight 0.0126 81 107 145 153
blight 0.0125 -4 567 23 634
blight 0.0124 185 -77 215 -34
blight 0.0124 140 183 401 366
blight 0.0122 33 165 126 208
blight 0.0122 81 159 137 232
blight 0.0121 213 517 287 543
blight 0.0121 346 100 469 188
blight 0.0119 167 -78 197 -35
blight 0.0119 412 138 483 210
blight 0.0119 289 -76 319 -33
blight 0.0117 309 -8 367 14
blight 0.0116 23 -75 66 -32
blight 0.0114 -2 571 58 621
blight 0.0114 254 360 316 399
blight 0.0114 150 -79 180 -35
blight 0.0112 584 -78 615 -33
blight 0.0112 308 89 407 192
blight 0.0112 411 -9 469 15
blight 0.0112 567 -77 598 -34
blight 0.0111 80 -79 111 -35
blight 0.0110 71 126 144 171
blight 0.0110 247 534 323 569
blight 0.0110 379 105 430 186
blight 0.0108 46 -78 77 -34
blight 0.0108 307 -76 337 -32
blight 0.0108 63 -78 93 -34
blight 0.0107 98 -79 128 -36
blight 0.0106 133 -79 163 -36
blight 0.0104 115 -79 145 -36
blight 0.0104 -13 -43 35 -17
blight 0.0104 172 229 226 293
blight 0.0104 178 515 253 541
blight 0.0103 303 66 379 168
blight 0.0103 103 181 181 231
blight 0.0103 303 -23 373 0
blight 0.0103 583 -73 770 -13
blight 0.0102 549 -77 581 -36
blight 0.0101 179 496 253 525
blight 0.0100 6 -75 50 -31
blight 0.0100 495 -79 527 -35
blight 0.0100 345 79 406 129
Anthrax 0.5168 140 172 393 355
Anthrax 0.3673 492 165 631 359
Anthrax 0.0357 181 374 279 527
Anthrax 0.0282 479 9 567 54
Anthrax 0.0247 273 36 331 97
Anthrax 0.0220 305 22 342 91
Anthrax 0.0220 322 19 362 102
Anthrax 0.0201 288 46 349 116
Anthrax 0.0197 488 6 560 34
Anthrax 0.0196 -3 418 19 510
Anthrax 0.0189 616 -6 649 143
Anthrax 0.0183 284 24 326 80
Anthrax 0.0179 305 574 340 626
Anthrax 0.0177 614 577 690 610
Anthrax 0.0172 322 574 357 626
Anthrax 0.0170 288 574 323 626
Anthrax 0.0167 -4 567 23 634
Anthrax 0.0164 637 573 673 632
Anthrax 0.0163 -18 -66 34 -38
Anthrax 0.0160 270 575 306 625
Anthrax 0.0158 -27 577 43 608
Anthrax 0.0155 340 575 374 626
Anthrax 0.0154 436 441 505 499
Anthrax 0.0152 275 577 358 608
Anthrax 0.0151 142 72 307 171
Anthrax 0.0150 253 576 288 625
Anthrax 0.0148 607 566 702 652
Anthrax 0.0147 150 4 211 38
Anthrax 0.0147 589 189 648 249
Anthrax 0.0146 226 6 301 42
Anthrax 0.0145 615 -152 676 31
Anthrax 0.0145 623 502 672 723
Anthrax 0.0145 241 577 324 608
Anthrax 0.0145 538 579 619 609
Anthrax 0.0145 341 182 481 296
Anthrax 0.0144 -6 514 36 735
Anthrax 0.0143 131 97 507 409
Anthrax 0.0143 311 577 391 608
Anthrax 0.0142 34 579 113 609
Anthrax 0.0142 503 579 582 609
Anthrax 0.0142 399 579 478 609
Anthrax 0.0141 469 579 547 609
Anthrax 0.0140 434 579 512 609
Anthrax 0.0138 357 576 391 625
Anthrax 0.0138 347 579 426 609
Anthrax 0.0137 236 576 270 624
Anthrax 0.0136 263 207 368 315
Anthrax 0.0136 69 580 148 609
Anthrax 0.0136 -3 255 63 334
Anthrax 0.0134 375 578 408 625
Anthrax 0.0131 393 579 426 625
Anthrax 0.0129 234 16 319 54
Anthrax 0.0129 410 579 443 625
Anthrax 0.0128 218 577 252 624
Anthrax 0.0128 532 579 565 625
Anthrax 0.0128 515 580 547 625
Anthrax 0.0128 428 579 460 625
Anthrax 0.0127 497 579 530 625
Anthrax 0.0127 428 13 547 141
Anthrax 0.0127 103 580 183 608
Anthrax 0.0127 549 580 582 625
Anthrax 0.0126 207 578 289 608
Anthrax 0.0126 445 579 478 625
Anthrax 0.0126 -6 166 57 259
Anthrax 0.0126 0 578 81 608
Anthrax 0.0126 480 579 513 624
Anthrax 0.0125 462 579 495 624
Anthrax 0.0124 534 199 626 325
Anthrax 0.0122 -26 -96 45 -12
Anthrax 0.0121 567 580 599 626
Anthrax 0.0121 201 578 235 624
Anthrax 0.0120 81 581 113 625
Anthrax 0.0120 636 -88 670 -25
Anthrax 0.0119 251 560 350 644
Anthrax 0.0118 18 10 88 39
Anthrax 0.0118 -11 286 53 326
Anthrax 0.0117 98 581 130 624
Anthrax 0.0116 137 579 219 608
Anthrax 0.0116 572 580 649 609
Anthrax 0.0116 -6 -83 21 -19
Anthrax 0.0115 -4 146 30 249
Anthrax 0.0114 11 574 44 626
Anthrax 0.0114 259 8 324 36
Anthrax 0.0114 608 -109 712 2
Anthrax 0.0113 63 581 95 625
Anthrax 0.0113 2 566 108 648
Anthrax 0.0113 -5 168 87 217
Anthrax 0.0113 346 9 389 108
