iouv 0.1488 364 -1 446 120
iouv 0.0723 273 172 356 230
iouv 0.0704 47 126 342 275
iouv 0.0480 120 59 214 111
iouv 0.0440 239 131 321 156
iouv 0.0323 150 219 245 280
iouv 0.0251 392 159 453 223
iouv 0.0228 166 112 221 152
iouv 0.0217 416 0 467 111
iouv 0.0191 293 184 350 217
iouv 0.0189 199 133 315 177
iouv 0.0183 191 49 257 83
iouv 0.0180 403 -23 505 29
iouv 0.0175 127 107 222 160
iouv 0.0170 195 132 287 158
iouv 0.0162 426 -60 468 67
iouv 0.0162 372 -47 429 68
iouv 0.0159 126 220 200 280
iouv 0.0159 390 11 488 89
iouv 0.0154 98 229 168 294
iouv 0.0150 347 140 390 202
iouv 0.0137 151 51 201 94
iouv 0.0136 294 48 357 123
iouv 0.0136 186 39 214 78
iouv 0.0135 394 -49 447 66
iouv 0.0135 370 172 456 251
iouv 0.0133 312 198 361 225
iouv 0.0129 -5 346 50 419
iouv 0.0122 196 42 225 80
iouv 0.0117 -14 435 26 454
iouv 0.0117 361 -72 518 172
iouv 0.0115 157 45 235 101
iouv 0.0114 294 192 377 260
iouv 0.0112 319 180 363 215
iouv 0.0111 175 54 233 87
iouv 0.0109 22 259 116 337
iouv 0.0107 363 32 403 130
iouv 0.0103 336 184 378 216
iouv 0.0103 66 81 122 122
blight 0.2802 248 42 292 90
blight 0.1950 334 122 392 190
blight 0.0760 307 96 332 136
blight 0.0744 302 111 336 153
blight 0.0703 267 52 307 82
blight 0.0685 40 126 324 286
blight 0.0643 4 381 43 428
blight 0.0616 292 12 318 75
blight 0.0547 265 30 315 90
blight 0.0542 264 55 300 103
blight 0.0497 339 129 377 175
blight 0.0489 267 47 320 118
blight 0.0487 297 56 323 120
blight 0.0486 293 125 351 158
blight 0.0376 33 -34 260 129
blight 0.0359 177 274 229 351
blight 0.0346 125 -35 346 132
blight 0.0340 -3 394 31 425
blight 0.0330 366 154 416 185
blight 0.0328 226 49 286 81
blight 0.0325 358 102 421 183
blight 0.0324 354 160 393 212
blight 0.0323 122 156 230 225
blight 0.0309 195 128 326 167
blight 0.0299 336 -30 581 113
blight 0.0292 168 312 222 375
blight 0.0290 293 6 332 41
blight 0.0281 355 138 397 174
blight 0.0271 209 47 238 85
blight 0.0261 230 45 308 122
blight 0.0251 342 166 379 211
blight 0.0250 282 53 325 84
blight 0.0249 272 60 312 95
blight 0.0247 364 66 421 152
blight 0.0247 128 96 178 134
blight 0.0245 293 114 365 176
blight 0.0237 228 -41 437 131
Anthrax 0.2729 51 126 352 267
Anthrax 0.0515 304 5 378 78
Anthrax 0.0488 -3 351 59 422
Anthrax 0.0429 312 4 368 42
Anthrax 0.0417 315 13 350 69
Anthrax 0.0278 10 380 57 419
Anthrax 0.0274 322 13 383 57
Anthrax 0.0259 12 71 47 130
Anthrax 0.0244 -40 -8 310 186
Anthrax 0.0227 359 214 454 418
Anthrax 0.0223 4 66 34 138
Anthrax 0.0222 117 336 173 363
Anthrax 0.0220 81 183 130 220
Anthrax 0.0218 -3 378 32 512
Anthrax 0.0214 4 389 42 428
Anthrax 0.0207 -5 341 52 391
Anthrax 0.0204 41 149 69 202
Anthrax 0.0201 140 156 236 223
Anthrax 0.0199 0 321 39 435
Anthrax 0.0183 300 381 343 419
Anthrax 0.0180 328 13 356 55
Anthrax 0.0178 -7 -68 208 247
Anthrax 0.0175 300 4 342 38
Anthrax 0.0174 -3 208 17 293
Anthrax 0.0168 219 156 275 183
Anthrax 0.0168 341 -1 386 22
Anthrax 0.0165 363 6 446 104
Anthrax 0.0161 363 32 403 130
Anthrax 0.0158 134 167 215 198
Anthrax 0.0155 166 -14 472 185
Anthrax 0.0151 135 312 165 351
Anthrax 0.0151 53 133 85 188
Anthrax 0.0145 341 4 385 41
Anthrax 0.0144 261 170 354 232
Anthrax 0.0144 304 12 334 67
Anthrax 0.0141 -1 70 14 147
Anthrax 0.0140 343 132 385 185
Anthrax 0.0138 -14 435 26 454
Anthrax 0.0138 123 319 173 358
Anthrax 0.0136 70 172 146 226
Anthrax 0.0134 245 44 284 91
Anthrax 0.0133 25 374 73 404
Anthrax 0.0133 2 215 34 289
Anthrax 0.0132 12 87 294 331
Anthrax 0.0130 207 348 251 382
Anthrax 0.0129 431 380 468 523
Anthrax 0.0128 0 343 27 388
Anthrax 0.0126 -1 246 15 310
Anthrax 0.0126 29 147 55 201
Anthrax 0.0125 427 103 476 132
Anthrax 0.0123 436 431 475 467
Anthrax 0.0123 430 259 463 425
Anthrax 0.0123 77 -17 386 106
Anthrax 0.0123 12 372 104 427
Anthrax 0.0122 9 364 49 408
Anthrax 0.0122 77 403 149 433
Anthrax 0.0121 199 49 247 85
Anthrax 0.0121 170 -7 240 25
Anthrax 0.0118 36 382 81 415
