iouv 0.0318 194 202 296 276
iouv 0.0308 3 241 57 339
iouv 0.0168 1 8 47 214
iouv 0.0152 408 46 613 270
iouv 0.0126 296 147 591 546
iouv 0.0119 241 199 292 259
iouv 0.0108 203 144 295 185
iouv 0.0107 -9 -33 25 4
iouv 0.0107 135 79 230 123
iouv 0.0106 576 326 603 408
iouv 0.0105 574 569 643 600
iouv 0.0103 576 235 602 327
iouv 0.0102 569 490 599 549
blight 0.0702 309 2 360 65
blight 0.0690 119 371 159 432
blight 0.0621 132 363 172 434
blight 0.0572 290 -5 345 35
blight 0.0572 94 354 150 424
blight 0.0532 5 98 51 184
blight 0.0461 48 350 106 390
blight 0.0455 285 1 317 53
blight 0.0434 2 366 47 440
blight 0.0428 304 0 338 53
blight 0.0424 84 322 123 388
blight 0.0389 46 301 75 403
blight 0.0379 20 374 82 427
blight 0.0370 50 341 125 417
blight 0.0366 319 12 374 86
blight 0.0350 146 52 199 101
blight 0.0350 157 -1 219 38
blight 0.0342 39 343 70 418
blight 0.0337 266 2 300 50
blight 0.0325 -2 -45 21 10
blight 0.0312 242 387 287 437
blight 0.0302 -36 551 41 632
blight 0.0302 98 331 145 399
blight 0.0298 -10 -7 32 17
blight 0.0297 43 366 106 410
blight 0.0296 26 350 60 420
blight 0.0294 548 258 589 329
blight 0.0291 -2 243 53 426
blight 0.0291 591 556 626 610
blight 0.0290 168 -3 243 54
blight 0.0275 -4 390 54 464
blight 0.0274 51 193 139 301
blight 0.0274 51 285 93 379
blight 0.0272 545 441 600 553
blight 0.0270 55 335 106 373
blight 0.0269 -15 564 30 610
blight 0.0269 265 -2 324 36
blight 0.0265 5 334 37 417
blight 0.0256 6 288 38 373
blight 0.0255 128 -7 181 16
blight 0.0255 75 363 132 414
blight 0.0254 2 160 22 255
blight 0.0254 160 -7 215 20
blight 0.0247 301 -6 358 21
blight 0.0247 101 398 162 440
blight 0.0246 286 196 345 245
blight 0.0239 574 569 643 600
blight 0.0238 123 360 201 445
blight 0.0238 211 203 283 251
blight 0.0233 16 237 86 420
blight 0.0231 -15 -26 36 -4
blight 0.0229 272 -7 328 20
blight 0.0228 261 5 329 58
blight 0.0225 223 191 324 272
blight 0.0224 201 5 235 46
blight 0.0223 227 -13 319 60
blight 0.0219 185 6 219 49
blight 0.0219 15 126 58 162
blight 0.0218 57 311 142 401
blight 0.0216 215 380 274 422
Anthrax 0.9916 298 161 581 550
Anthrax 0.2531 429 229 469 273
Anthrax 0.2050 54 154 94 199
Anthrax 0.1539 467 388 539 483
Anthrax 0.1339 -1 241 51 363
Anthrax 0.0818 428 232 501 285
Anthrax 0.0724 0 8 54 126
Anthrax 0.0717 212 472 303 543
Anthrax 0.0709 408 46 613 270
Anthrax 0.0696 0 10 45 245
Anthrax 0.0570 0 19 77 408
Anthrax 0.0467 26 80 149 397
Anthrax 0.0451 171 178 293 281
Anthrax 0.0441 320 5 370 66
Anthrax 0.0398 375 5 480 88
Anthrax 0.0395 303 17 400 133
Anthrax 0.0386 201 139 303 184
Anthrax 0.0377 461 239 532 279
Anthrax 0.0370 393 325 429 400
Anthrax 0.0355 591 556 626 610
Anthrax 0.0349 287 401 368 471
Anthrax 0.0333 10 51 240 467
Anthrax 0.0317 505 448 589 546
Anthrax 0.0317 517 -1 589 37
Anthrax 0.0310 153 37 280 87
Anthrax 0.0304 576 326 603 408
Anthrax 0.0296 548 240 708 540
Anthrax 0.0282 308 0 356 47
Anthrax 0.0278 299 311 577 722
Anthrax 0.0268 3 6 48 70
Anthrax 0.0266 564 349 613 541
Anthrax 0.0247 404 196 475 288
Anthrax 0.0240 480 423 532 489
