iouv 0.0977 39 -2 81 27
iouv 0.0581 34 24 85 70
iouv 0.0560 81 59 118 100
iouv 0.0535 144 0 164 41
iouv 0.0264 41 8 82 38
iouv 0.0209 41 145 140 239
iouv 0.0189 0 13 20 31
iouv 0.0183 124 60 151 80
iouv 0.0176 0 6 15 25
iouv 0.0169 135 158 156 176
iouv 0.0131 80 31 112 62
iouv 0.0125 -47 -6 3 18
iouv 0.0120 77 30 109 46
iouv 0.0116 68 23 105 57
iouv 0.0108 -2 21 10 38
iouv 0.0108 -1 28 20 65
blight 0.0700 28 -1 42 33
blight 0.0651 76 68 93 92
blight 0.0489 113 75 140 103
blight 0.0338 22 46 48 67
blight 0.0304 125 78 139 100
blight 0.0269 15 54 34 70
blight 0.0257 11 -2 37 6
blight 0.0255 179 204 199 224
blight 0.0255 143 37 155 68
blight 0.0247 19 29 32 47
blight 0.0235 -36 200 -8 228
blight 0.0233 -31 207 -8 217
blight 0.0224 25 26 38 45
blight 0.0220 4 -1 24 20
blight 0.0219 78 60 90 83
blight 0.0214 31 -1 57 5
blight 0.0204 28 -6 38 16
blight 0.0203 132 55 143 72
blight 0.0200 139 42 151 69
blight 0.0190 14 24 37 35
blight 0.0187 -2 18 14 29
blight 0.0182 19 17 40 34
blight 0.0181 1 9 17 31
blight 0.0181 144 26 154 53
blight 0.0179 120 198 154 209
blight 0.0175 20 2 33 26
blight 0.0175 116 80 137 96
blight 0.0166 172 202 206 232
blight 0.0162 30 55 54 69
blight 0.0162 69 66 90 86
blight 0.0162 144 186 164 209
blight 0.0161 34 41 51 67
blight 0.0158 146 175 163 201
blight 0.0156 21 -5 32 14
blight 0.0153 23 0 39 21
blight 0.0152 5 14 22 33
blight 0.0150 12 7 36 22
blight 0.0149 26 13 38 31
blight 0.0147 105 -9 115 8
blight 0.0145 27 20 38 35
blight 0.0140 111 -9 120 9
blight 0.0139 21 23 32 39
blight 0.0135 0 4 11 25
blight 0.0130 11 20 36 30
blight 0.0128 12 -1 29 11
blight 0.0125 -25 204 -13 227
blight 0.0121 182 -3 199 10
blight 0.0119 9 -5 21 13
blight 0.0119 -2 24 6 37
blight 0.0118 43 56 52 75
blight 0.0118 4 0 26 8
blight 0.0118 72 198 151 215
blight 0.0117 99 -7 110 9
blight 0.0115 12 28 31 41
blight 0.0114 0 14 5 33
blight 0.0113 -66 199 6 218
blight 0.0112 163 208 183 216
blight 0.0111 7 28 20 46
blight 0.0111 30 6 54 21
blight 0.0110 19 59 39 75
blight 0.0108 19 12 41 25
blight 0.0108 177 199 199 210
blight 0.0108 140 28 150 54
blight 0.0108 37 56 48 75
blight 0.0107 33 1 50 31
blight 0.0107 173 205 189 222
blight 0.0102 43 198 121 215
Anthrax 0.9983 51 126 139 206
Anthrax 0.1667 39 -2 81 27
Anthrax 0.1381 100 141 126 159
Anthrax 0.1158 136 157 157 181
Anthrax 0.0976 38 151 146 231
Anthrax 0.0940 82 67 115 101
Anthrax 0.0615 104 154 134 186
Anthrax 0.0510 108 164 129 184
Anthrax 0.0480 131 68 155 83
Anthrax 0.0476 82 33 112 50
Anthrax 0.0425 91 137 122 166
Anthrax 0.0391 122 56 143 76
Anthrax 0.0369 69 29 109 58
Anthrax 0.0350 75 28 100 48
Anthrax 0.0349 135 177 157 198
Anthrax 0.0343 0 142 36 166
Anthrax 0.0289 123 179 160 208
Anthrax 0.0275 12 146 28 162
Anthrax 0.0265 6 144 24 163
Anthrax 0.0257 9 145 41 158
Anthrax 0.0245 134 163 149 179
Anthrax 0.0239 33 56 144 168
Anthrax 0.0235 0 72 12 92
Anthrax 0.0230 115 141 135 160
Anthrax 0.0230 78 65 102 95
Anthrax 0.0221 64 197 141 214
Anthrax 0.0218 47 0 78 10
Anthrax 0.0209 0 197 26 210
Anthrax 0.0208 37 176 56 186
Anthrax 0.0199 123 58 153 83
