iouv 0.0208 -8 270 96 359
iouv 0.0112 90 341 120 394
blight 0.0301 303 393 336 463
blight 0.0253 427 476 475 525
blight 0.0227 411 472 490 544
blight 0.0221 11 38 190 185
blight 0.0209 -61 486 -11 507
blight 0.0204 99 -1 142 43
blight 0.0197 343 1 395 44
blight 0.0193 313 405 343 487
blight 0.0175 -5 279 100 369
blight 0.0167 323 0 394 18
blight 0.0167 128 395 192 434
blight 0.0164 81 374 126 420
blight 0.0163 100 -3 174 22
blight 0.0162 -76 471 -11 537
blight 0.0161 275 248 353 332
blight 0.0156 144 404 210 446
blight 0.0155 -17 460 63 491
blight 0.0155 146 209 225 258
blight 0.0153 -5 431 73 484
blight 0.0153 0 248 35 294
blight 0.0153 365 10 403 52
blight 0.0149 435 -7 472 24
blight 0.0141 63 360 144 446
blight 0.0134 162 388 241 455
blight 0.0130 128 463 192 494
blight 0.0127 105 398 159 434
blight 0.0126 362 484 419 505
blight 0.0125 -6 251 20 291
blight 0.0124 300 263 335 335
blight 0.0121 189 421 237 462
blight 0.0119 37 366 97 428
blight 0.0118 -6 234 20 276
blight 0.0118 358 4 401 33
blight 0.0118 161 418 215 456
blight 0.0115 -12 241 11 277
blight 0.0114 -57 233 -21 254
blight 0.0113 119 389 146 430
blight 0.0113 367 361 408 389
blight 0.0112 140 482 208 506
blight 0.0111 -58 10 -22 34
blight 0.0111 -10 348 28 372
blight 0.0111 -4 262 60 347
blight 0.0111 101 379 138 418
blight 0.0110 -57 220 -21 242
blight 0.0109 194 399 224 443
blight 0.0109 338 484 403 508
blight 0.0109 -15 -5 30 14
blight 0.0108 -20 484 34 505
blight 0.0108 289 394 325 458
blight 0.0108 -56 246 -23 267
blight 0.0108 -59 -3 -15 15
blight 0.0107 6 262 48 313
blight 0.0107 0 227 36 275
blight 0.0106 219 73 258 126
blight 0.0106 -55 339 -24 359
blight 0.0106 -49 482 -24 532
blight 0.0106 -55 352 -22 372
blight 0.0106 132 417 160 472
blight 0.0106 -55 313 -24 333
blight 0.0105 35 458 106 493
blight 0.0103 -56 260 -24 281
blight 0.0102 -56 35 -22 56
blight 0.0102 9 368 62 410
blight 0.0102 390 483 442 506
blight 0.0102 -56 301 -24 321
blight 0.0102 -55 326 -24 346
blight 0.0101 -55 365 -21 385
blight 0.0101 193 434 242 477
blight 0.0101 357 -10 387 27
blight 0.0100 0 214 50 250
blight 0.0100 -22 467 26 489
blight 0.0100 120 -13 148 28
Anthrax 0.9974 95 186 352 385
Anthrax 0.2463 0 271 90 364
Anthrax 0.1262 146 209 225 258
Anthrax 0.1167 327 278 380 327
Anthrax 0.0734 189 23 404 352
Anthrax 0.0431 0 3 83 67
Anthrax 0.0378 -5 19 174 162
Anthrax 0.0364 228 193 304 298
Anthrax 0.0305 287 246 325 288
Anthrax 0.0305 166 204 207 251
Anthrax 0.0298 217 181 249 263
Anthrax 0.0284 86 406 163 484
Anthrax 0.0282 4 74 97 155
Anthrax 0.0266 36 357 108 433
Anthrax 0.0264 191 210 224 257
Anthrax 0.0263 186 203 233 239
Anthrax 0.0255 325 237 397 353
Anthrax 0.0224 228 420 309 491
Anthrax 0.0217 159 1 311 47
Anthrax 0.0210 220 320 259 367
Anthrax 0.0205 -59 -3 -15 15
Anthrax 0.0203 171 281 208 327
Anthrax 0.0202 381 78 407 161
Anthrax 0.0201 217 124 291 234
Anthrax 0.0200 213 135 241 225
Anthrax 0.0191 57 348 113 403
Anthrax 0.0184 338 484 403 508
Anthrax 0.0183 276 232 347 305
Anthrax 0.0181 94 160 147 220
Anthrax 0.0175 41 366 71 430
Anthrax 0.0165 423 -5 473 15
Anthrax 0.0162 190 52 262 117
Anthrax 0.0161 158 258 230 327
Anthrax 0.0158 384 253 408 310
Anthrax 0.0155 268 195 290 260
