iouv 0.0278 107 18 166 141
iouv 0.0112 274 209 358 288
iouv 0.0102 190 311 349 370
blight 0.0405 81 139 139 204
blight 0.0372 134 340 189 409
blight 0.0371 95 130 119 189
blight 0.0356 102 137 127 193
blight 0.0263 26 65 83 140
blight 0.0263 235 55 280 85
blight 0.0254 156 343 183 405
blight 0.0250 -14 366 34 394
blight 0.0238 271 211 321 242
blight 0.0232 246 42 323 102
blight 0.0230 259 225 311 252
blight 0.0229 233 68 281 97
blight 0.0223 264 210 333 268
blight 0.0205 49 73 112 164
blight 0.0204 367 406 415 428
blight 0.0201 149 10 176 68
blight 0.0200 149 329 211 406
blight 0.0197 230 35 289 90
blight 0.0195 217 50 272 110
blight 0.0188 -28 406 0 434
blight 0.0187 152 354 212 384
blight 0.0176 6 4 65 29
blight 0.0173 133 249 166 293
blight 0.0173 -15 355 28 384
blight 0.0171 79 153 128 187
blight 0.0171 180 11 292 57
blight 0.0170 65 164 125 198
blight 0.0170 250 64 313 95
blight 0.0167 -28 151 -2 171
blight 0.0163 153 -4 272 27
blight 0.0162 -28 161 -1 181
blight 0.0162 7 89 67 157
blight 0.0161 371 -6 413 13
blight 0.0159 112 141 135 193
blight 0.0159 -26 51 -1 71
blight 0.0158 -9 147 25 170
blight 0.0156 287 -3 342 16
blight 0.0154 -27 7 0 28
blight 0.0153 -27 172 -1 192
blight 0.0151 -28 -2 6 12
blight 0.0151 111 234 170 294
blight 0.0150 106 -2 159 11
blight 0.0150 -27 62 -1 82
blight 0.0148 -28 250 -2 270
blight 0.0148 -42 399 6 451
blight 0.0145 -25 40 0 59
blight 0.0143 -27 141 -2 161
blight 0.0142 -28 73 -1 93
blight 0.0142 -28 239 -1 259
blight 0.0141 275 17 337 96
blight 0.0141 -9 158 24 181
blight 0.0138 119 -17 303 152
blight 0.0137 312 42 381 108
blight 0.0137 -26 28 0 48
blight 0.0137 384 401 409 441
blight 0.0137 -27 261 -2 281
blight 0.0136 26 -27 206 145
blight 0.0136 134 -2 195 57
blight 0.0136 -21 40 -5 97
blight 0.0134 162 291 205 324
blight 0.0133 -27 183 0 203
blight 0.0132 -28 228 -1 248
blight 0.0131 156 342 208 370
blight 0.0131 -4 27 8 85
blight 0.0131 348 -7 469 29
blight 0.0130 -22 -10 -4 30
blight 0.0129 -27 361 -1 381
blight 0.0128 -27 371 0 391
blight 0.0128 -11 244 39 271
blight 0.0127 273 196 324 229
blight 0.0127 -27 272 -2 292
blight 0.0126 -27 294 -1 314
blight 0.0126 -28 85 0 105
blight 0.0126 -22 140 -6 199
blight 0.0125 -4 5 26 34
blight 0.0123 -15 389 40 409
blight 0.0123 283 61 337 100
blight 0.0123 28 -5 136 28
blight 0.0122 -28 216 -1 237
blight 0.0122 -4 362 19 410
blight 0.0122 -26 17 0 38
blight 0.0122 98 156 144 185
blight 0.0121 -9 246 22 290
blight 0.0120 -27 283 -1 303
blight 0.0120 107 216 126 257
blight 0.0119 -104 392 33 429
blight 0.0118 86 167 146 198
blight 0.0118 88 156 159 218
blight 0.0118 -32 216 6 270
blight 0.0118 -5 2 11 58
blight 0.0117 313 249 352 313
blight 0.0117 227 232 291 259
blight 0.0117 289 -17 513 119
blight 0.0117 105 -4 223 27
blight 0.0117 19 86 64 131
blight 0.0117 -28 205 -2 226
blight 0.0116 369 -33 415 48
blight 0.0115 382 -16 405 25
Anthrax 0.4532 49 73 112 164
Anthrax 0.2274 102 17 163 139
Anthrax 0.0954 71 76 106 142
Anthrax 0.0476 67 54 129 151
Anthrax 0.0406 324 252 353 313
Anthrax 0.0402 298 238 357 307
Anthrax 0.0373 110 223 171 281
Anthrax 0.0359 0 5 29 44
Anthrax 0.0341 335 269 362 328
Anthrax 0.0273 337 256 357 309
Anthrax 0.0267 119 102 183 165
Anthrax 0.0254 202 28 266 133
Anthrax 0.0248 146 96 176 146
Anthrax 0.0241 158 27 210 130
Anthrax 0.0236 328 291 370 336
Anthrax 0.0230 250 103 307 184
Anthrax 0.0213 -3 246 17 306
Anthrax 0.0196 125 127 154 162
Anthrax 0.0194 330 358 364 412
Anthrax 0.0191 88 79 114 142
Anthrax 0.0188 111 163 188 222
Anthrax 0.0185 323 21 358 72
Anthrax 0.0184 315 258 367 326
Anthrax 0.0182 321 200 358 229
Anthrax 0.0182 157 92 187 134
Anthrax 0.0180 133 17 191 132
Anthrax 0.0171 193 27 222 91
Anthrax 0.0170 83 62 303 323
Anthrax 0.0169 134 111 167 152
Anthrax 0.0167 333 193 365 242
Anthrax 0.0166 -28 -2 6 12
Anthrax 0.0166 -28 -57 155 231
Anthrax 0.0163 183 46 246 138
Anthrax 0.0159 223 39 287 143
Anthrax 0.0158 246 23 310 141
Anthrax 0.0158 362 87 381 139
Anthrax 0.0157 159 294 192 348
Anthrax 0.0154 99 115 158 186
Anthrax 0.0150 209 1 318 176
Anthrax 0.0150 57 97 101 155
Anthrax 0.0146 -2 293 17 354
Anthrax 0.0146 -6 109 64 176
Anthrax 0.0145 -24 400 -4 445
Anthrax 0.0144 48 -18 115 43
Anthrax 0.0143 330 191 362 219
Anthrax 0.0143 352 78 375 131
