iouv 0.0374 -1 442 145 532
iouv 0.0269 263 332 369 461
iouv 0.0200 625 439 696 516
iouv 0.0195 299 324 395 433
iouv 0.0192 370 399 477 511
iouv 0.0165 232 102 531 462
iouv 0.0154 0 399 91 452
iouv 0.0147 570 123 644 163
iouv 0.0145 57 423 172 515
iouv 0.0132 0 108 92 373
iouv 0.0126 66 454 142 517
iouv 0.0121 310 359 385 418
iouv 0.0117 0 366 57 436
iouv 0.0115 650 461 692 518
iouv 0.0114 98 125 205 169
iouv 0.0101 323 375 359 460
blight 0.0668 632 228 665 333
blight 0.0472 518 77 619 157
blight 0.0429 603 205 650 284
blight 0.0419 511 97 584 154
blight 0.0401 610 229 649 316
blight 0.0385 590 388 621 447
blight 0.0377 616 222 697 341
blight 0.0355 663 345 692 440
blight 0.0352 567 357 608 421
blight 0.0347 487 139 544 242
blight 0.0341 580 201 625 277
blight 0.0341 641 219 678 326
blight 0.0337 547 343 590 414
blight 0.0325 575 85 609 144
blight 0.0295 513 60 552 121
blight 0.0290 590 77 627 142
blight 0.0284 561 356 639 456
blight 0.0283 586 252 621 323
blight 0.0280 550 313 584 386
blight 0.0277 530 314 575 405
blight 0.0262 -17 -105 23 -50
blight 0.0259 623 200 672 304
blight 0.0258 546 89 591 148
blight 0.0255 614 309 647 395
blight 0.0255 528 58 573 126
blight 0.0248 515 84 552 143
blight 0.0246 572 60 612 126
blight 0.0246 470 133 517 212
blight 0.0241 678 -110 736 -51
blight 0.0239 550 106 620 151
blight 0.0239 583 -9 660 17
blight 0.0235 570 386 607 449
blight 0.0234 602 352 638 427
blight 0.0233 646 345 683 437
blight 0.0230 545 194 587 314
blight 0.0227 524 229 575 326
blight 0.0225 495 81 527 176
blight 0.0223 568 214 604 293
blight 0.0216 527 339 602 440
blight 0.0212 -34 -125 46 -33
blight 0.0207 621 442 673 513
blight 0.0205 592 47 633 124
blight 0.0196 541 107 595 174
blight 0.0193 587 91 651 160
blight 0.0193 530 86 570 145
blight 0.0192 602 23 652 117
blight 0.0183 614 266 642 350
blight 0.0182 659 278 694 366
blight 0.0179 -36 566 53 670
blight 0.0176 681 590 724 655
blight 0.0174 -25 597 49 627
blight 0.0174 683 357 715 433
blight 0.0172 524 33 567 98
blight 0.0170 625 7 673 59
blight 0.0169 583 115 631 183
blight 0.0168 601 395 633 451
blight 0.0168 532 257 588 290
blight 0.0167 500 167 561 253
blight 0.0165 509 208 556 302
blight 0.0161 623 462 698 524
blight 0.0161 591 333 627 407
blight 0.0159 641 234 691 273
blight 0.0156 623 414 660 473
blight 0.0155 495 66 532 129
blight 0.0154 568 62 635 103
blight 0.0154 -12 587 38 646
blight 0.0152 583 188 668 293
blight 0.0152 568 311 604 373
blight 0.0151 538 242 584 271
blight 0.0150 597 -5 669 37
blight 0.0148 589 199 656 240
blight 0.0147 626 284 664 374
blight 0.0147 507 333 563 397
blight 0.0145 605 7 649 56
blight 0.0144 622 -11 688 18
blight 0.0143 605 419 640 474
blight 0.0141 543 27 590 100
blight 0.0141 529 35 642 137
blight 0.0140 532 259 568 376
blight 0.0140 543 221 634 338
blight 0.0138 549 539 617 574
blight 0.0138 359 426 412 505
blight 0.0137 -16 -30 38 -1
Anthrax 0.9969 109 322 362 519
Anthrax 0.8693 281 144 519 452
Anthrax 0.5258 82 86 345 365
Anthrax 0.2737 0 83 94 381
Anthrax 0.2108 474 402 631 526
Anthrax 0.1021 200 73 291 175
Anthrax 0.0963 84 185 383 486
Anthrax 0.0510 660 70 705 305
Anthrax 0.0493 488 129 592 253
Anthrax 0.0408 228 82 324 211
Anthrax 0.0376 -8 0 74 80
Anthrax 0.0354 635 77 690 310
Anthrax 0.0350 111 94 306 229
Anthrax 0.0349 193 164 243 224
Anthrax 0.0348 85 114 210 196
Anthrax 0.0330 282 92 331 187
Anthrax 0.0326 4 206 51 314
Anthrax 0.0316 232 6 323 40
Anthrax 0.0312 -2 252 24 362
Anthrax 0.0305 7 174 56 274
Anthrax 0.0298 6 246 53 351
Anthrax 0.0286 0 213 22 318
Anthrax 0.0285 422 15 530 58
Anthrax 0.0280 222 362 354 483
Anthrax 0.0260 414 5 520 41
Anthrax 0.0254 152 356 255 397
Anthrax 0.0246 665 180 713 430
Anthrax 0.0242 1 28 72 123
Anthrax 0.0235 16 151 81 255
Anthrax 0.0231 2 281 70 386
