iouv 0.2575 127 281 229 360
iouv 0.0308 -4 155 20 242
iouv 0.0303 18 175 101 275
iouv 0.0271 182 293 225 355
iouv 0.0223 279 260 365 343
iouv 0.0174 54 4 168 123
iouv 0.0134 0 26 51 136
iouv 0.0133 -20 28 601 317
iouv 0.0128 555 175 580 249
iouv 0.0112 78 27 162 84
iouv 0.0103 5 139 122 235
blight 0.0513 -3 318 60 374
blight 0.0278 -8 319 34 360
blight 0.0174 68 17 273 114
blight 0.0151 343 -14 412 11
blight 0.0150 386 69 443 112
blight 0.0147 -13 -27 31 -3
blight 0.0143 0 304 24 380
blight 0.0131 374 55 435 100
blight 0.0124 -9 -116 20 -78
blight 0.0121 568 -119 616 -76
blight 0.0120 -16 468 32 493
blight 0.0120 -10 -13 36 10
blight 0.0119 375 -15 445 8
blight 0.0110 -28 361 34 438
blight 0.0110 -8 10 31 45
blight 0.0107 -8 376 23 422
blight 0.0106 420 333 499 362
blight 0.0106 -31 452 39 534
Anthrax 0.9958 1 47 568 333
Anthrax 0.5543 46 220 105 274
Anthrax 0.1356 23 191 106 285
Anthrax 0.0720 256 69 571 304
Anthrax 0.0567 231 231 275 286
Anthrax 0.0492 129 282 231 366
Anthrax 0.0412 477 185 548 229
Anthrax 0.0388 278 75 334 121
Anthrax 0.0341 187 163 223 207
Anthrax 0.0328 368 188 417 244
Anthrax 0.0319 0 20 54 141
Anthrax 0.0266 70 198 119 264
Anthrax 0.0250 -6 15 246 327
Anthrax 0.0234 -6 396 32 607
Anthrax 0.0232 141 293 202 342
Anthrax 0.0227 495 174 568 222
Anthrax 0.0217 296 6 371 42
Anthrax 0.0197 519 179 574 245
Anthrax 0.0190 0 59 49 263
Anthrax 0.0189 -10 -207 38 -20
Anthrax 0.0186 556 195 605 230
Anthrax 0.0183 373 83 458 118
Anthrax 0.0175 358 71 440 109
Anthrax 0.0172 2 139 48 348
Anthrax 0.0169 -4 155 20 242
Anthrax 0.0164 53 219 138 295
Anthrax 0.0163 558 391 601 606
Anthrax 0.0162 5 7 42 59
Anthrax 0.0161 273 67 375 103
Anthrax 0.0156 557 181 606 215
Anthrax 0.0155 15 -2 90 23
Anthrax 0.0153 77 104 139 159
Anthrax 0.0144 436 219 476 258
Anthrax 0.0143 184 8 273 54
Anthrax 0.0142 467 166 581 255
Anthrax 0.0136 -6 308 69 367
Anthrax 0.0135 312 289 364 346
Anthrax 0.0135 297 21 378 54
Anthrax 0.0132 558 212 608 243
Anthrax 0.0130 181 158 248 218
Anthrax 0.0130 7 6 59 38
Anthrax 0.0130 196 3 297 77
