iouv 0.0443 -4 3654 579 4192
iouv 0.0284 2788 3320 3110 4081
iouv 0.0227 1359 3413 1983 4210
iouv 0.0223 -66 537 1713 2228
iouv 0.0212 1542 1760 2113 2407
iouv 0.0183 829 3601 1626 4140
iouv 0.0181 8 3723 272 4167
iouv 0.0174 2967 3436 3163 4020
iouv 0.0172 736 551 2477 2254
iouv 0.0122 -89 3846 549 4505
iouv 0.0121 1741 3082 2524 3940
iouv 0.0120 787 1389 2503 3031
iouv 0.0119 856 3071 2572 4151
iouv 0.0113 -35 1360 1709 2987
iouv 0.0109 -948 587 1042 2112
iouv 0.0106 2680 -505 4733 1439
blight 0.4181 1524 1658 1924 2100
blight 0.2203 1303 1647 1767 2108
blight 0.1976 2317 2570 2655 3087
blight 0.1460 1551 1739 2149 2370
blight 0.1389 1081 1720 1563 2103
blight 0.1253 375 875 1693 2271
blight 0.1037 2199 2332 2762 2999
blight 0.0892 1400 521 1726 950
blight 0.0838 1410 1825 1664 2241
blight 0.0796 386 1501 1448 2223
blight 0.0766 1807 1963 2161 2484
blight 0.0733 1437 1576 1860 1961
blight 0.0703 1530 1793 1820 2255
blight 0.0696 2367 2489 2972 3090
blight 0.0685 878 647 1203 1118
blight 0.0679 1310 1827 1555 2210
blight 0.0665 2094 1028 2301 1403
blight 0.0665 2533 2596 3124 3192
blight 0.0661 1484 393 1824 894
blight 0.0606 -154 -268 1778 1335
blight 0.0586 1240 610 1800 875
blight 0.0577 1655 1884 1963 2437
blight 0.0574 19 392 648 969
blight 0.0555 -1 508 1353 1937
blight 0.0553 2309 1481 2664 1868
blight 0.0549 990 751 1643 1781
blight 0.0541 2088 770 2318 1165
blight 0.0533 790 448 2040 1919
blight 0.0522 1994 897 2241 1271
blight 0.0520 2216 138 2759 1085
blight 0.0520 2411 341 2953 1287
blight 0.0518 453 405 1029 979
blight 0.0512 663 531 1228 1195
blight 0.0505 795 613 1522 1526
blight 0.0500 2532 2565 2907 2905
blight 0.0489 54 870 820 1658
blight 0.0484 697 -220 2599 1335
blight 0.0473 1253 3011 2503 4274
blight 0.0472 910 1215 1948 2628
blight 0.0470 517 379 937 738
blight 0.0469 86 2554 865 3545
blight 0.0465 2437 2421 2772 2828
blight 0.0454 404 1749 1183 2026
blight 0.0451 2201 532 2734 1503
blight 0.0450 786 554 1759 1070
Anthrax 0.0404 116 2824 735 3581
Anthrax 0.0285 2788 3320 3110 4081
Anthrax 0.0281 -655 -35 -269 144
Anthrax 0.0237 419 2796 1088 3410
Anthrax 0.0221 2355 3126 3099 4165
Anthrax 0.0216 359 1759 1041 2013
Anthrax 0.0214 1322 2952 2462 4113
Anthrax 0.0201 254 2817 548 3371
Anthrax 0.0184 -701 4083 -270 4274
Anthrax 0.0178 -644 3408 -324 3619
Anthrax 0.0178 1871 3101 2514 4001
Anthrax 0.0176 2150 93 2674 775
Anthrax 0.0176 18 964 195 1330
Anthrax 0.0175 2763 3678 3069 4124
Anthrax 0.0173 -579 4027 -364 4477
Anthrax 0.0172 -579 -545 1225 2363
Anthrax 0.0171 -21 948 705 1227
Anthrax 0.0164 -648 3296 -335 3504
Anthrax 0.0163 -645 77 -315 296
Anthrax 0.0159 550 621 2646 3269
Anthrax 0.0159 -638 3516 -318 3730
Anthrax 0.0158 -1469 -112 1425 1113
Anthrax 0.0145 389 1966 1034 2480
Anthrax 0.0142 2477 3174 2806 3894
Anthrax 0.0140 27 1928 333 2580
Anthrax 0.0135 -652 174 -331 389
Anthrax 0.0131 -650 3179 -344 3386
Anthrax 0.0130 2687 3626 3097 4716
Anthrax 0.0129 -636 3625 -316 3840
Anthrax 0.0126 2769 3924 3137 4115
Anthrax 0.0125 560 2832 952 3108
Anthrax 0.0119 -760 -162 -188 423
Anthrax 0.0117 -10 3102 111 3706
Anthrax 0.0117 -814 3929 -253 4503
Anthrax 0.0116 -571 -105 -369 300
Anthrax 0.0115 1453 3500 2410 5445
Anthrax 0.0115 2482 3614 2951 4716
Anthrax 0.0113 -653 848 -321 1055
Anthrax 0.0112 1512 -2 2031 164
Anthrax 0.0112 1985 2909 2557 3176
Anthrax 0.0111 2983 2411 3164 2894
Anthrax 0.0111 10 1881 231 2385
Anthrax 0.0111 -660 281 -323 496
Anthrax 0.0109 993 925 1427 1371
Anthrax 0.0109 -655 957 -320 1166
Anthrax 0.0108 -650 3060 -343 3271
Anthrax 0.0107 31 0 409 237
Anthrax 0.0107 -654 738 -326 942
Anthrax 0.0106 -2 293 107 690
Anthrax 0.0106 -1123 669 1354 2014
Anthrax 0.0104 3522 -204 3779 259
Anthrax 0.0104 -657 1068 -324 1276
Anthrax 0.0103 790 3400 2662 4888
Anthrax 0.0103 -588 -641 -224 512
Anthrax 0.0102 -658 1179 -325 1385
Anthrax 0.0102 -658 1512 -323 1720
Anthrax 0.0102 -657 1402 -324 1606
Anthrax 0.0101 -568 3715 -276 4994
Anthrax 0.0101 -657 1290 -325 1494
Anthrax 0.0101 2816 2790 3095 3250
Anthrax 0.0100 2317 -77 5028 1059
