iouv 0.0317 54 145 533 596
iouv 0.0109 4 256 49 356
blight 0.2400 368 132 410 225
blight 0.1151 57 278 136 370
blight 0.0662 67 309 118 380
blight 0.0378 473 311 564 422
blight 0.0366 501 265 566 385
blight 0.0338 93 375 192 449
blight 0.0303 50 22 119 154
blight 0.0296 490 423 522 494
blight 0.0219 516 333 561 425
blight 0.0209 533 283 568 392
blight 0.0209 -24 515 54 603
blight 0.0207 252 370 329 482
blight 0.0204 433 12 477 79
blight 0.0202 73 13 128 95
blight 0.0192 1 147 60 259
blight 0.0185 304 436 375 504
blight 0.0185 3 117 37 237
blight 0.0184 362 117 399 192
blight 0.0184 438 67 471 151
blight 0.0181 387 354 468 448
blight 0.0180 522 250 560 365
blight 0.0174 -22 587 43 617
blight 0.0172 86 266 150 354
blight 0.0169 427 23 469 116
blight 0.0166 582 34 616 117
blight 0.0163 -14 545 44 589
blight 0.0156 -38 559 49 651
blight 0.0154 48 73 120 200
blight 0.0151 588 505 615 578
blight 0.0150 76 394 154 443
blight 0.0148 574 15 597 125
blight 0.0147 -15 387 34 425
blight 0.0146 447 541 542 602
blight 0.0146 570 71 601 131
blight 0.0141 -10 187 43 273
blight 0.0140 1 68 20 157
blight 0.0139 246 362 305 426
blight 0.0138 467 399 529 489
blight 0.0137 -25 568 216 617
blight 0.0135 -2 158 29 217
blight 0.0134 565 112 595 194
blight 0.0132 -17 478 41 570
blight 0.0132 452 69 488 155
blight 0.0131 87 0 141 64
blight 0.0130 95 448 145 491
blight 0.0130 556 588 631 617
blight 0.0130 10 417 97 517
blight 0.0129 -4 465 87 568
blight 0.0127 65 385 150 488
Anthrax 0.9736 59 129 533 589
Anthrax 0.1863 266 140 316 219
Anthrax 0.1434 168 237 226 337
Anthrax 0.0465 270 366 352 504
Anthrax 0.0385 456 324 554 474
Anthrax 0.0282 239 151 291 241
Anthrax 0.0247 285 365 325 422
Anthrax 0.0232 415 500 524 597
Anthrax 0.0225 532 250 566 367
Anthrax 0.0213 253 360 315 423
Anthrax 0.0212 202 215 250 303
Anthrax 0.0195 2 58 50 298
Anthrax 0.0185 22 74 158 380
Anthrax 0.0181 141 225 212 331
Anthrax 0.0175 101 217 140 326
Anthrax 0.0170 369 155 410 226
Anthrax 0.0169 227 168 266 257
Anthrax 0.0157 268 123 361 223
Anthrax 0.0156 567 285 608 476
Anthrax 0.0154 408 156 508 320
Anthrax 0.0148 526 312 588 494
Anthrax 0.0146 498 265 561 459
Anthrax 0.0138 559 353 614 517
Anthrax 0.0137 419 371 466 450
Anthrax 0.0136 8 78 89 281
Anthrax 0.0135 288 136 352 199
Anthrax 0.0134 134 225 172 308
Anthrax 0.0133 429 415 472 477
Anthrax 0.0130 125 492 214 593
Anthrax 0.0129 426 308 518 450
Anthrax 0.0128 448 39 495 154
Anthrax 0.0128 273 332 347 450
Anthrax 0.0126 574 220 613 409
Anthrax 0.0125 406 142 491 247
Anthrax 0.0124 172 280 622 619
Anthrax 0.0124 133 138 226 283
