iouv 0.1054 520 169 592 244
iouv 0.0793 557 171 598 249
iouv 0.0785 547 398 599 581
iouv 0.0708 559 375 599 498
iouv 0.0316 580 289 618 380
iouv 0.0287 442 423 508 484
iouv 0.0257 314 423 547 595
iouv 0.0206 507 81 584 168
iouv 0.0194 270 376 316 444
iouv 0.0150 517 416 558 497
iouv 0.0146 510 413 571 581
iouv 0.0143 241 374 321 464
iouv 0.0137 538 401 578 493
iouv 0.0136 403 439 498 532
iouv 0.0127 574 289 597 378
iouv 0.0119 566 63 611 240
iouv 0.0110 555 183 636 225
iouv 0.0106 525 87 591 242
iouv 0.0103 144 2 226 27
iouv 0.0103 542 131 620 245
blight 0.1311 132 561 213 597
blight 0.0792 577 39 596 142
blight 0.0608 530 528 597 597
blight 0.0588 542 491 588 588
blight 0.0558 534 1 602 44
blight 0.0513 466 92 500 154
blight 0.0502 457 89 486 148
blight 0.0456 457 366 518 419
blight 0.0358 73 293 311 467
blight 0.0344 440 88 471 148
blight 0.0340 581 55 609 134
blight 0.0327 569 444 591 573
blight 0.0318 487 389 536 424
blight 0.0315 173 152 229 278
blight 0.0309 527 376 579 448
blight 0.0288 569 74 594 167
blight 0.0282 2 515 92 601
blight 0.0280 1 537 34 600
blight 0.0269 554 443 586 554
blight 0.0269 471 70 502 120
blight 0.0253 559 -1 638 25
blight 0.0252 549 6 594 66
blight 0.0251 64 502 106 596
blight 0.0246 21 63 56 143
blight 0.0245 577 79 622 145
blight 0.0243 459 64 486 117
blight 0.0241 35 65 74 145
blight 0.0241 246 574 283 618
blight 0.0241 321 362 362 447
blight 0.0231 241 560 288 602
blight 0.0231 467 381 509 437
blight 0.0214 503 381 568 424
blight 0.0214 149 575 192 621
blight 0.0213 513 2 597 27
blight 0.0211 440 8 501 58
blight 0.0208 130 441 169 525
blight 0.0207 9 52 41 144
blight 0.0203 165 551 201 595
blight 0.0199 570 542 621 569
blight 0.0199 497 212 537 316
blight 0.0199 127 578 207 653
blight 0.0198 134 580 208 605
blight 0.0197 1 420 21 519
blight 0.0196 85 114 125 185
blight 0.0194 35 562 108 598
blight 0.0191 69 566 141 599
blight 0.0188 -27 566 46 652
blight 0.0183 561 5 627 40
blight 0.0181 451 28 491 91
blight 0.0180 548 541 586 575
blight 0.0179 567 0 599 90
blight 0.0177 585 453 610 545
blight 0.0177 -6 -8 24 29
blight 0.0176 578 298 617 388
blight 0.0175 336 391 379 432
blight 0.0171 105 499 147 576
blight 0.0171 422 93 458 149
blight 0.0171 420 0 496 24
blight 0.0169 582 494 608 568
blight 0.0169 166 572 202 616
blight 0.0169 92 483 167 589
blight 0.0168 261 572 294 622
blight 0.0167 0 501 23 605
blight 0.0165 325 335 390 429
blight 0.0165 548 322 592 394
blight 0.0165 479 400 525 464
blight 0.0160 421 6 486 46
blight 0.0160 71 119 105 179
blight 0.0158 -6 579 32 626
blight 0.0158 460 120 495 152
Anthrax 0.4734 80 291 317 468
Anthrax 0.3052 260 19 396 354
Anthrax 0.2673 518 168 589 243
Anthrax 0.2366 372 333 471 433
Anthrax 0.1730 558 384 594 497
Anthrax 0.1002 534 411 591 515
Anthrax 0.0985 204 365 288 451
Anthrax 0.0941 171 67 209 109
Anthrax 0.0931 503 87 581 168
Anthrax 0.0930 442 423 508 484
Anthrax 0.0800 32 275 144 342
Anthrax 0.0723 316 224 388 339
Anthrax 0.0682 235 363 320 458
Anthrax 0.0646 580 289 618 380
Anthrax 0.0625 314 423 547 595
Anthrax 0.0621 547 398 599 581
Anthrax 0.0607 285 325 335 405
Anthrax 0.0580 269 344 321 432
Anthrax 0.0578 494 10 583 80
Anthrax 0.0433 584 267 619 344
Anthrax 0.0407 151 368 246 453
Anthrax 0.0406 427 391 518 478
Anthrax 0.0378 557 171 598 249
Anthrax 0.0365 580 396 611 486
Anthrax 0.0350 477 417 522 490
Anthrax 0.0342 563 386 634 495
Anthrax 0.0316 212 119 255 211
Anthrax 0.0316 0 300 43 416
Anthrax 0.0309 -2 309 20 424
Anthrax 0.0302 382 244 481 325
Anthrax 0.0301 569 297 599 386
Anthrax 0.0300 505 175 542 255
Anthrax 0.0299 197 108 236 216
