iouv 0.4917 1841 1159 2484 1686
iouv 0.2013 469 1262 920 1637
iouv 0.1763 2107 710 2358 1199
iouv 0.1603 -28 1633 259 2296
iouv 0.1539 1244 988 1695 1603
iouv 0.1421 602 2579 1296 3045
iouv 0.1188 1438 1045 1843 1566
iouv 0.1045 1695 1191 2072 1715
iouv 0.0997 261 2148 797 2493
iouv 0.0974 918 1364 1539 1940
iouv 0.0928 97 3130 383 3584
iouv 0.0843 2176 1615 2551 1905
iouv 0.0830 2124 1432 2605 1853
iouv 0.0793 1317 2827 1740 3075
iouv 0.0727 259 452 723 1017
iouv 0.0675 121 1218 693 1695
iouv 0.0550 1148 539 1617 755
iouv 0.0538 2548 2373 3022 2661
iouv 0.0536 903 1435 1315 1830
iouv 0.0510 23 2880 856 3305
iouv 0.0448 2588 1917 3008 2142
iouv 0.0442 632 2514 1031 2932
iouv 0.0429 45 2745 531 2984
iouv 0.0422 1501 1093 2231 1663
iouv 0.0414 -72 1854 316 2843
iouv 0.0405 2436 459 2915 1151
iouv 0.0403 119 2817 668 3081
iouv 0.0393 41 3022 227 3452
iouv 0.0378 2410 992 2792 1337
iouv 0.0371 2311 1555 2702 1836
iouv 0.0368 1522 2309 1800 2548
iouv 0.0366 2052 1036 2450 1527
iouv 0.0364 48 2659 358 2855
iouv 0.0356 198 1666 664 1914
iouv 0.0352 1148 1019 1511 1572
iouv 0.0351 2248 1483 2553 1662
iouv 0.0347 0 2702 832 3139
blight 0.1718 1780 14 1975 513
blight 0.0973 1412 3703 1833 4034
blight 0.0846 1798 170 1978 740
blight 0.0825 1677 54 2035 381
blight 0.0819 678 1512 936 1970
blight 0.0798 1512 2120 1894 2328
blight 0.0748 1599 1672 1802 2016
blight 0.0741 1711 1663 1906 2023
blight 0.0733 1898 445 2084 829
blight 0.0711 1913 309 2096 707
blight 0.0629 1891 36 2104 437
blight 0.0611 1667 1769 1917 2150
blight 0.0604 1795 1672 2001 2023
blight 0.0562 1561 1915 1848 2128
blight 0.0545 2751 727 2999 1089
blight 0.0537 1535 2173 1948 2425
blight 0.0530 1391 2106 1566 2393
blight 0.0522 1586 1527 1807 1900
blight 0.0519 1553 1998 2120 2500
blight 0.0506 2171 350 2483 611
blight 0.0477 1865 609 2124 1025
blight 0.0472 1169 3794 1789 4007
blight 0.0449 1490 1214 1763 1667
blight 0.0436 1703 1525 1918 1889
blight 0.0418 1489 1552 1689 1911
blight 0.0413 2234 407 2462 827
blight 0.0408 2210 2950 2534 3349
blight 0.0397 2213 205 2615 543
blight 0.0395 1702 -4 2106 643
blight 0.0390 1199 1714 1478 2046
blight 0.0375 1264 2173 1467 2565
blight 0.0349 1367 1723 1553 2009
blight 0.0346 766 2906 1339 3104
blight 0.0343 1650 1807 1869 1998
blight 0.0341 1374 1969 1544 2228
blight 0.0337 1429 1814 1647 2014
blight 0.0332 1570 1348 1833 1788
blight 0.0332 1903 1698 2103 1992
blight 0.0325 1386 2182 1578 2551
blight 0.0323 608 1686 899 2061
blight 0.0311 2289 265 2541 648
blight 0.0310 1374 1456 1596 1874
blight 0.0309 1530 3805 1929 4005
blight 0.0308 1281 1955 1446 2212
blight 0.0307 1549 1819 1766 2012
blight 0.0306 1771 2219 2195 2986
blight 0.0301 -1 323 261 1056
blight 0.0301 2212 1934 2509 2410
blight 0.0301 1842 1996 2158 2206
blight 0.0299 1802 40 2156 294
blight 0.0298 1257 1811 1445 2095
blight 0.0298 1990 1947 2296 2242
blight 0.0298 2107 481 2366 722
blight 0.0297 1760 228 2241 798
blight 0.0293 1743 1568 2062 1939
blight 0.0292 1491 1806 1705 2108
blight 0.0291 1151 2199 1352 2564
blight 0.0290 1504 2083 1717 2382
blight 0.0286 1726 1255 2073 1731
blight 0.0285 1777 1904 2032 2219
blight 0.0285 1868 244 2168 498
blight 0.0283 1567 1895 2041 2305
blight 0.0282 2342 51 2563 387
blight 0.0278 1517 2020 1865 2221
blight 0.0278 733 1662 1011 1937
blight 0.0275 1496 1935 1693 2217
blight 0.0273 2053 332 2233 641
blight 0.0272 1796 -136 2026 323
blight 0.0271 1681 1344 1953 1776
blight 0.0267 1362 1305 1632 1750
blight 0.0265 1802 472 2053 954
blight 0.0265 2033 420 2207 741
blight 0.0261 1416 2044 1712 2228
blight 0.0254 2752 59 2992 445
blight 0.0247 1906 -161 2120 280
blight 0.0245 2726 525 3007 950
blight 0.0244 1868 1811 2157 1974
blight 0.0243 727 3804 1193 4018
blight 0.0243 1914 1856 2121 2123
blight 0.0242 1967 1809 2293 1981
Anthrax 0.2282 1166 954 1588 1548
Anthrax 0.1597 2126 725 2389 1210
Anthrax 0.1139 -10 1684 280 2417
Anthrax 0.1073 283 2157 925 2571
Anthrax 0.1048 1968 1114 2491 1610
Anthrax 0.0880 31 1942 298 2690
Anthrax 0.0675 471 1250 903 1642
Anthrax 0.0627 1448 3374 1921 3642
Anthrax 0.0618 2026 689 2274 1100
Anthrax 0.0592 1129 516 1639 791
Anthrax 0.0578 2370 706 2911 1400
Anthrax 0.0507 2751 727 2999 1089
Anthrax 0.0470 1230 2858 1754 3096
Anthrax 0.0450 870 2592 1317 2891
Anthrax 0.0441 1497 1072 1831 1515
Anthrax 0.0440 110 3185 404 3581
Anthrax 0.0394 1316 2405 1651 2828
Anthrax 0.0361 1409 3254 2035 3706
Anthrax 0.0357 981 2449 1485 2886
Anthrax 0.0336 2073 1011 2403 1489
Anthrax 0.0330 1349 2461 1820 2942
Anthrax 0.0326 1539 2355 1815 2698
Anthrax 0.0321 79 2708 791 3252
Anthrax 0.0318 75 3055 346 3488
Anthrax 0.0318 1575 2510 1805 2931
Anthrax 0.0313 8 2957 670 3509
Anthrax 0.0308 886 1397 1345 1744
Anthrax 0.0306 259 529 701 1056
Anthrax 0.0297 984 2102 1294 2345
Anthrax 0.0297 2501 588 2811 1069
Anthrax 0.0296 1448 2687 1764 2985
Anthrax 0.0296 251 3232 474 3648
Anthrax 0.0292 152 9 455 251
Anthrax 0.0287 1115 2616 1374 2957
Anthrax 0.0277 1721 2585 1963 2977
Anthrax 0.0275 2026 881 2239 1300
Anthrax 0.0272 2338 37 2889 496
Anthrax 0.0269 2212 1634 2621 1900
Anthrax 0.0268 1369 2346 1570 2748
Anthrax 0.0265 -631 -39 -256 145
Anthrax 0.0265 1227 1028 1566 1340
Anthrax 0.0263 1512 2120 1894 2328
Anthrax 0.0258 -28 1620 220 2103
Anthrax 0.0252 1113 2095 1397 2297
Anthrax 0.0248 602 2579 1296 3045
Anthrax 0.0246 1490 1214 1763 1667
Anthrax 0.0245 2311 887 2743 1481
Anthrax 0.0235 1382 3388 1926 3869
