iouv 0.3853 2245 1539 2759 2123
iouv 0.1960 1136 1452 1540 2124
iouv 0.0957 1393 -62 1980 646
iouv 0.0665 348 1677 867 1958
iouv 0.0600 1025 2204 1465 2510
iouv 0.0555 200 1650 1005 2088
iouv 0.0467 1126 355 1508 1130
iouv 0.0455 2356 947 2986 1408
iouv 0.0402 1529 2264 1952 2732
iouv 0.0359 2279 2176 2965 2506
iouv 0.0346 2176 1510 2631 1762
iouv 0.0334 129 1817 930 2249
iouv 0.0323 991 1363 1432 1953
iouv 0.0310 2031 1653 2550 2141
iouv 0.0304 1906 981 2416 1433
iouv 0.0284 516 1614 1121 2251
iouv 0.0279 2096 1525 2507 1923
iouv 0.0279 2321 790 2901 1249
iouv 0.0262 1440 1164 1792 1551
iouv 0.0244 572 937 1204 1250
iouv 0.0223 1474 40 1822 449
iouv 0.0217 1348 2262 1717 2512
iouv 0.0192 694 1405 1245 1799
iouv 0.0192 2298 1066 2988 1661
iouv 0.0188 940 1317 1410 1589
iouv 0.0183 2581 911 2971 1239
iouv 0.0178 1799 1502 2269 1750
iouv 0.0175 1534 -91 1789 247
iouv 0.0171 1677 2947 2380 4058
iouv 0.0167 762 1596 1172 2098
iouv 0.0166 234 998 1169 1486
iouv 0.0166 2813 942 3101 1370
iouv 0.0164 2091 2189 2702 2444
iouv 0.0163 1982 1503 2436 1764
iouv 0.0158 225 2201 1109 2406
iouv 0.0150 2773 1033 3037 1289
iouv 0.0147 1950 40 2357 597
iouv 0.0142 1430 -132 1651 212
iouv 0.0139 738 900 1146 1105
iouv 0.0138 2035 2932 2499 3660
iouv 0.0136 2546 1145 2981 1356
iouv 0.0135 949 1971 1493 2532
blight 0.3528 847 1945 1373 2578
blight 0.1565 2020 1015 2352 1476
blight 0.1062 1200 756 1695 1391
blight 0.0812 1630 459 1836 959
blight 0.0598 1507 2268 2217 2831
blight 0.0483 1817 719 2129 1136
blight 0.0428 929 1894 1257 2413
blight 0.0378 1291 981 1616 1442
blight 0.0377 1040 6 1405 397
blight 0.0336 1937 965 2274 1196
blight 0.0329 91 368 315 792
blight 0.0319 1113 8 1553 160
blight 0.0314 1098 -86 1326 255
blight 0.0314 746 330 973 782
blight 0.0306 1838 929 2143 1151
blight 0.0296 1000 270 1231 861
blight 0.0283 1755 554 1981 1006
blight 0.0273 1334 -100 1535 251
blight 0.0272 221 389 429 785
blight 0.0268 1845 1192 2296 1550
blight 0.0265 1934 822 2207 1071
blight 0.0265 61 1504 407 1960
blight 0.0261 996 -73 1209 255
blight 0.0252 2099 1131 2431 1524
blight 0.0242 1847 1827 2094 2408
blight 0.0235 1214 -86 1445 264
blight 0.0232 1568 1528 1745 2237
blight 0.0226 76 23 333 360
blight 0.0223 857 295 1095 801
blight 0.0222 888 -100 1082 233
blight 0.0215 563 -78 747 289
blight 0.0214 81 141 292 586
blight 0.0213 2207 1595 2491 1969
blight 0.0213 1621 1480 1836 2030
blight 0.0211 151 1410 448 1853
blight 0.0208 656 362 858 773
blight 0.0207 1380 1051 1759 1506
blight 0.0205 1355 4066 1524 4351
blight 0.0205 898 -7 1340 177
blight 0.0201 1241 4082 1413 4362
blight 0.0196 1167 587 1478 1239
blight 0.0195 2089 554 2334 943
blight 0.0195 672 -98 858 267
blight 0.0193 8 -14 418 167
blight 0.0191 68 530 375 926
blight 0.0190 1690 -1 2045 368
blight 0.0190 449 -50 637 310
blight 0.0186 669 39 883 524
blight 0.0183 1573 0 2091 204
blight 0.0179 1462 1975 1641 2277
blight 0.0177 195 148 396 584
blight 0.0177 777 -105 966 244
blight 0.0177 2052 917 2304 1291
blight 0.0176 1872 807 2374 1348
blight 0.0175 782 120 987 647
blight 0.0175 1762 2375 2119 2901
Anthrax 0.2001 2245 1539 2759 2123
Anthrax 0.1368 2208 752 2624 1003
Anthrax 0.1180 1126 355 1508 1130
Anthrax 0.0968 1132 1399 1580 2241
Anthrax 0.0885 1440 1164 1792 1551
Anthrax 0.0742 901 2665 1195 3240
Anthrax 0.0644 1098 2842 1383 3309
Anthrax 0.0554 624 2893 864 3324
Anthrax 0.0510 1394 2843 1703 3246
Anthrax 0.0477 1497 2792 1769 3323
Anthrax 0.0476 440 1023 1136 1308
Anthrax 0.0470 245 1102 693 1351
Anthrax 0.0461 1213 2689 1420 3166
Anthrax 0.0458 2116 1636 2490 2046
Anthrax 0.0457 2227 750 2768 1161
Anthrax 0.0381 2696 1756 3097 2093
Anthrax 0.0380 2349 890 2971 1355
Anthrax 0.0369 1332 2567 1786 3226
Anthrax 0.0368 566 946 1083 1208
Anthrax 0.0359 21 3421 246 3917
Anthrax 0.0348 1863 1659 2401 2297
Anthrax 0.0345 542 2960 785 3432
Anthrax 0.0341 792 2711 1029 3276
Anthrax 0.0339 751 2912 973 3364
Anthrax 0.0329 2015 1647 2334 2079
Anthrax 0.0306 2411 1598 2974 2251
Anthrax 0.0300 1072 2705 1296 3195
Anthrax 0.0296 1470 2885 1876 3528
Anthrax 0.0290 1135 1457 1410 2015
Anthrax 0.0283 1286 240 1795 885
Anthrax 0.0266 138 3051 869 3967
Anthrax 0.0262 1311 2753 1560 3186
Anthrax 0.0252 948 2572 1413 3271
Anthrax 0.0251 1997 1052 2334 1469
Anthrax 0.0239 654 2595 847 3058
Anthrax 0.0234 2255 1476 2581 1802
Anthrax 0.0232 1293 41 1533 480
Anthrax 0.0231 2951 958 3147 1402
Anthrax 0.0231 1011 2802 1437 3512
Anthrax 0.0231 153 1924 565 2186
Anthrax 0.0229 154 990 764 1435
Anthrax 0.0228 2281 998 3061 1584
Anthrax 0.0223 1507 2268 2217 2831
Anthrax 0.0216 2238 2242 2975 2647
Anthrax 0.0210 1121 4104 1296 4372
