iouv 0.0632 579 1021 2870 4253
iouv 0.0113 1811 -146 2421 507
blight 0.1129 1340 2287 1736 2999
blight 0.0277 2148 316 2553 858
blight 0.0244 1471 3444 1987 3748
blight 0.0208 1488 3572 1979 3846
blight 0.0197 -883 4381 -274 5009
blight 0.0187 3824 4447 4266 4884
blight 0.0182 2110 277 2468 596
blight 0.0174 -756 4531 -294 4732
blight 0.0160 680 4523 1268 4675
blight 0.0154 3762 -62 4259 166
blight 0.0146 1043 4513 1580 4702
blight 0.0144 3664 4402 4407 5065
blight 0.0136 1684 2323 1976 3166
blight 0.0132 3028 4377 3478 4530
blight 0.0132 1253 2429 1576 3031
blight 0.0126 2469 1264 3042 2089
blight 0.0125 1544 3358 1856 3958
blight 0.0124 759 4330 1273 4509
blight 0.0121 3488 -88 4961 322
blight 0.0119 1896 -178 2205 366
blight 0.0116 1046 4354 1603 4568
blight 0.0114 1754 2482 2259 2800
blight 0.0112 1549 3256 2055 3801
blight 0.0111 2848 4545 3393 4683
blight 0.0110 2646 1471 3062 1812
blight 0.0105 2652 1606 3057 1956
blight 0.0104 1750 2617 2149 2905
blight 0.0104 -140 4369 432 4547
blight 0.0100 3262 4541 3695 4687
blight 0.0100 1405 3577 1770 4314
Anthrax 0.8363 497 764 2853 4397
Anthrax 0.0576 1323 2284 1714 2964
Anthrax 0.0224 1280 2423 1844 3274
Anthrax 0.0181 -268 402 1698 4432
Anthrax 0.0169 1410 2666 1722 3229
Anthrax 0.0147 927 -27 1662 156
Anthrax 0.0146 1509 2360 1863 2997
Anthrax 0.0135 950 2912 2717 5753
Anthrax 0.0135 -1284 -87 64 333
Anthrax 0.0135 -756 4531 -294 4732
Anthrax 0.0133 1824 68 2375 521
Anthrax 0.0123 1326 2647 1621 3103
Anthrax 0.0117 1634 2469 2050 2999
Anthrax 0.0112 -634 4480 -406 4963
Anthrax 0.0111 -700 -36 -340 148
Anthrax 0.0110 -672 -671 -246 654
Anthrax 0.0109 3011 2249 3445 2937
Anthrax 0.0106 683 2494 1238 2780
Anthrax 0.0101 3664 4402 4407 5065
