iouv 0.8297 543 249 752 451
iouv 0.3476 359 222 479 368
iouv 0.1659 441 -5 558 140
iouv 0.1440 540 78 615 182
iouv 0.1438 503 174 642 250
iouv 0.0939 509 114 628 240
iouv 0.0922 314 142 432 236
iouv 0.0500 186 9 326 89
iouv 0.0485 607 479 692 533
iouv 0.0400 414 339 524 463
iouv 0.0308 754 49 811 299
iouv 0.0287 201 10 375 130
iouv 0.0262 289 356 389 490
iouv 0.0254 638 466 703 510
iouv 0.0248 750 484 795 587
iouv 0.0208 648 475 733 533
iouv 0.0198 278 493 397 592
iouv 0.0182 718 34 790 252
iouv 0.0170 582 509 659 553
iouv 0.0168 601 499 690 555
blight 0.1119 719 456 769 557
blight 0.0574 720 489 787 598
blight 0.0510 521 390 565 548
blight 0.0477 453 146 499 231
blight 0.0447 755 393 788 490
blight 0.0446 624 478 710 533
blight 0.0440 541 411 574 540
blight 0.0356 753 223 793 323
blight 0.0341 693 462 748 544
blight 0.0333 764 19 793 136
blight 0.0325 754 472 793 573
blight 0.0317 777 414 814 493
blight 0.0312 524 459 554 580
blight 0.0307 727 207 787 324
blight 0.0277 776 31 815 128
blight 0.0274 629 179 715 248
blight 0.0273 712 188 764 306
blight 0.0267 740 424 777 515
blight 0.0267 584 485 678 526
blight 0.0264 592 459 705 554
blight 0.0257 453 127 544 233
blight 0.0254 614 467 686 514
blight 0.0250 670 470 721 537
blight 0.0247 -17 -115 27 -57
blight 0.0245 765 242 830 314
blight 0.0245 749 272 792 353
blight 0.0235 700 182 745 284
blight 0.0234 503 454 539 576
blight 0.0224 771 295 817 386
blight 0.0221 -1 -10 31 98
blight 0.0217 -5 64 39 145
blight 0.0217 429 149 518 254
blight 0.0216 754 344 792 465
blight 0.0207 777 -122 841 -58
blight 0.0205 435 133 481 226
blight 0.0200 674 180 717 254
blight 0.0192 669 191 777 314
blight 0.0191 1 6 53 84
blight 0.0189 637 156 760 275
blight 0.0189 782 364 820 449
blight 0.0186 699 236 770 337
blight 0.0185 733 23 783 130
blight 0.0174 2 465 33 594
blight 0.0173 755 297 794 417
blight 0.0172 589 506 710 605
blight 0.0170 646 482 690 544
blight 0.0169 606 516 647 582
blight 0.0169 632 489 677 560
blight 0.0168 744 279 782 316
blight 0.0163 747 479 859 600
blight 0.0163 416 100 464 218
blight 0.0160 632 184 680 237
blight 0.0160 7 368 57 472
blight 0.0157 751 259 786 299
blight 0.0156 590 185 666 239
blight 0.0154 123 -7 197 19
blight 0.0153 731 559 795 604
blight 0.0153 776 466 812 534
blight 0.0153 369 566 433 596
blight 0.0153 640 496 726 556
blight 0.0153 777 -11 816 76
blight 0.0153 -37 -141 47 -37
blight 0.0152 778 673 827 748
blight 0.0149 736 275 807 395
blight 0.0149 625 140 682 215
blight 0.0149 -8 4 36 40
Anthrax 0.6420 411 347 510 478
Anthrax 0.3552 359 222 479 368
Anthrax 0.1516 540 248 743 453
Anthrax 0.1089 199 7 308 74
Anthrax 0.1056 517 89 614 195
Anthrax 0.0920 440 -2 559 136
Anthrax 0.0712 642 474 692 540
Anthrax 0.0435 609 460 729 550
Anthrax 0.0400 326 158 419 242
Anthrax 0.0375 565 85 623 168
Anthrax 0.0365 471 472 511 567
Anthrax 0.0347 720 489 787 598
Anthrax 0.0327 661 442 736 478
Anthrax 0.0301 606 479 655 550
Anthrax 0.0299 693 462 748 544
Anthrax 0.0295 633 459 706 521
Anthrax 0.0293 452 6 529 48
Anthrax 0.0292 428 326 523 422
Anthrax 0.0278 670 470 721 537
Anthrax 0.0262 661 463 735 509
Anthrax 0.0234 636 439 766 527
Anthrax 0.0229 546 49 591 121
Anthrax 0.0228 689 445 765 480
Anthrax 0.0221 377 472 408 568
Anthrax 0.0216 223 4 324 46
Anthrax 0.0214 294 9 379 67
Anthrax 0.0213 760 582 825 855
Anthrax 0.0207 185 6 379 118
Anthrax 0.0191 754 472 793 573
Anthrax 0.0186 405 277 516 411
Anthrax 0.0186 455 304 507 384
Anthrax 0.0184 436 290 486 380
Anthrax 0.0183 -10 601 46 874
Anthrax 0.0174 432 118 473 224
Anthrax 0.0173 499 486 543 589
Anthrax 0.0169 747 414 809 610
Anthrax 0.0168 393 463 445 558
Anthrax 0.0168 286 2 370 41
