0 0.7375 0.8466666666666667 0.07833333333333334 0.05666666666666667
0 0.3541666666666667 0.8133333333333334 0.09166666666666667 0.09333333333333334
0 0.24750000000000003 0.8108333333333334 0.08166666666666667 0.10500000000000001
0 0.0175 0.7275 0.035 0.05166666666666667
0 0.30250000000000005 0.35750000000000004 0.125 0.10166666666666667
0 0.43000000000000005 0.3416666666666667 0.11666666666666667 0.08666666666666667
0 0.6891666666666667 0.7358333333333333 0.085 0.115
0 0.5908333333333333 0.9500000000000001 0.11833333333333335 0.07333333333333333
0 0.9516666666666668 0.38 0.08666666666666667 0.11
0 0.8116666666666668 0.36833333333333335 0.09666666666666668 0.09000000000000001
0 0.405 0.6658333333333334 0.09000000000000001 0.07500000000000001
0 0.4766666666666667 0.5975 0.13 0.085
0 0.7491666666666668 0.42833333333333334 0.07833333333333334 0.08666666666666667
0 0.6008333333333333 0.7208333333333333 0.07833333333333334 0.065
