0 0.33666666666666667 0.9083333333333334 0.09666666666666668 0.05666666666666667
0 0.38 0.7658333333333334 0.07666666666666667 0.03833333333333334
0 0.33083333333333337 0.6633333333333333 0.115 0.05
0 0.1991666666666667 0.8925000000000001 0.13833333333333334 0.12833333333333335
0 0.18000000000000002 0.7858333333333334 0.08 0.06166666666666667
0 0.07416666666666667 0.6425000000000001 0.065 0.04833333333333334
0 0.6108333333333333 0.7983333333333333 0.10500000000000001 0.06333333333333334
0 0.6875 0.7483333333333334 0.06833333333333334 0.05
0 0.7566666666666667 0.7275 0.06333333333333334 0.09166666666666667
0 0.5608333333333334 0.4008333333333334 0.05166666666666667 0.058333333333333334
0 0.7225 0.44333333333333336 0.04833333333333334 0.07666666666666667
0 0.27083333333333337 0.5750000000000001 0.09166666666666667 0.06333333333333334
0 0.2275 0.5008333333333334 0.115 0.04833333333333334
0 0.06833333333333334 0.2041666666666667 0.07 0.07833333333333334
0 0.4683333333333334 0.28750000000000003 0.12333333333333334 0.06166666666666667
0 0.6916666666666668 0.5458333333333334 0.22666666666666668 0.10833333333333334
