0 0.6658333333333334 0.32666666666666666 0.21500000000000002 0.19
0 0.4525 0.36833333333333335 0.125 0.15000000000000002
0 0.1575 0.3358333333333334 0.06166666666666667 0.05166666666666667
0 0.04416666666666667 0.3116666666666667 0.08833333333333333 0.09000000000000001
0 0.037500000000000006 0.5416666666666667 0.07500000000000001 0.11
0 0.34 0.6391666666666667 0.15000000000000002 0.165
0 0.5925 0.7691666666666667 0.12833333333333335 0.10833333333333334
0 0.6641666666666667 0.7100000000000001 0.155 0.17666666666666667
0 0.54 0.7225 0.16666666666666669 0.15833333333333335
0 0.5691666666666667 0.8883333333333334 0.05166666666666667 0.05666666666666667
0 0.43083333333333335 0.8366666666666667 0.07500000000000001 0.07
