0 0.13333333333333333 0.7725000000000001 0.20333333333333334 0.14833333333333334
0 0.41250000000000003 0.8350000000000001 0.11833333333333335 0.15000000000000002
0 0.20583333333333334 0.35250000000000004 0.11833333333333335 0.08166666666666667
0 0.8683333333333334 0.5008333333333334 0.15666666666666668 0.07833333333333334
0 0.7625000000000001 0.7000000000000001 0.05166666666666667 0.13333333333333333
0 0.49083333333333334 0.5166666666666667 0.15166666666666667 0.08
0 0.8341666666666667 0.5625 0.10500000000000001 0.05166666666666667
0 0.7158333333333334 0.2866666666666667 0.08833333333333333 0.06333333333333334
0 0.7375 0.40166666666666667 0.03166666666666667 0.08666666666666667
0 0.4733333333333334 0.4608333333333334 0.06666666666666667 0.055
0 0.24916666666666668 0.5766666666666667 0.08833333333333333 0.07
0 0.26333333333333336 0.7383333333333334 0.07666666666666667 0.05
0 0.38833333333333336 0.6916666666666668 0.07 0.04
0 0.6241666666666668 0.7066666666666667 0.08166666666666667 0.17
0 0.2758333333333334 0.2941666666666667 0.05166666666666667 0.07166666666666667
0 0.63 0.22833333333333336 0.04 0.07666666666666667
