0 0.9125000000000001 0.12416666666666668 0.09833333333333334 0.07833333333333334
0 0.30250000000000005 0.17833333333333334 0.085 0.10333333333333335
0 0.17916666666666667 0.19666666666666668 0.18166666666666667 0.07666666666666667
0 0.13416666666666668 0.2808333333333333 0.18833333333333335 0.07500000000000001
0 0.12166666666666667 0.4008333333333334 0.22333333333333336 0.055
0 0.058333333333333334 0.5208333333333334 0.11666666666666667 0.07166666666666667
0 0.2991666666666667 0.5925 0.18500000000000003 0.05166666666666667
0 0.2275 0.5108333333333334 0.115 0.06833333333333334
0 0.41833333333333333 0.8341666666666667 0.08333333333333334 0.18833333333333335
0 0.5141666666666667 0.7475 0.09833333333333334 0.085
0 0.5291666666666667 0.18833333333333335 0.08166666666666667 0.09666666666666668
0 0.5783333333333334 0.11750000000000001 0.08666666666666667 0.09166666666666667
0 0.36083333333333334 0.2833333333333333 0.095 0.060000000000000005
0 0.5783333333333334 0.35583333333333333 0.15000000000000002 0.10166666666666667
0 0.6858333333333334 0.375 0.10833333333333334 0.07666666666666667
0 0.7183333333333334 0.5 0.08333333333333334 0.08
0 0.7775000000000001 0.6058333333333333 0.10500000000000001 0.05166666666666667
0 0.9341666666666667 0.46166666666666667 0.12833333333333335 0.06333333333333334
0 0.8675 0.3875 0.15833333333333335 0.058333333333333334
0 0.9616666666666668 0.5266666666666667 0.06666666666666667 0.06666666666666667
0 0.9233333333333333 0.5775 0.09666666666666668 0.06833333333333334
0 0.7366666666666667 0.19166666666666668 0.1 0.21333333333333335
0 0.5325000000000001 0.6508333333333334 0.18500000000000003 0.10833333333333334
0 0.5658333333333334 0.8916666666666667 0.07166666666666667 0.20333333333333334
0 0.15666666666666668 0.9383333333333334 0.12666666666666668 0.11666666666666667
0 0.7133333333333334 0.7491666666666668 0.08333333333333334 0.09166666666666667
0 0.7841666666666667 0.6875 0.29833333333333334 0.13166666666666668
0 0.36000000000000004 0.4666666666666667 0.12000000000000001 0.06666666666666667
0 0.265 0.27666666666666667 0.11666666666666667 0.3066666666666667
0 0.4191666666666667 0.28583333333333333 0.095 0.255
0 0.1366666666666667 0.6883333333333334 0.26666666666666666 0.06666666666666667
0 0.6208333333333333 0.44833333333333336 0.25833333333333336 0.07
0 0.7100000000000001 0.022500000000000003 0.08 0.035
