0 0.6541666666666667 0.7275 0.17500000000000002 0.07166666666666667
0 0.8008333333333334 0.7508333333333334 0.12166666666666667 0.055
0 0.5575 0.8241666666666667 0.12833333333333335 0.065
0 0.7525000000000001 0.4941666666666667 0.055 0.058333333333333334
0 0.7766666666666667 0.5541666666666667 0.060000000000000005 0.045000000000000005
0 0.4791666666666667 0.24666666666666667 0.095 0.05666666666666667
0 0.28 0.41000000000000003 0.07 0.06666666666666667
0 0.9191666666666667 0.65 0.07833333333333334 0.07
0 0.75 0.8666666666666667 0.13333333333333333 0.1
0 0.4291666666666667 0.5883333333333334 0.05166666666666667 0.05
