0 0.5591666666666667 0.7391666666666667 0.21500000000000002 0.385
0 0.18833333333333335 0.5391666666666667 0.29000000000000004 0.15833333333333335
0 0.6208333333333333 0.375 0.255 0.10666666666666667
0 0.3716666666666667 0.55 0.09333333333333334 0.09333333333333334
0 0.7325 0.4916666666666667 0.125 0.19666666666666668
0 0.4241666666666667 0.38833333333333336 0.08833333333333333 0.06333333333333334
0 0.22333333333333336 0.39916666666666667 0.11666666666666667 0.08166666666666667
0 0.13416666666666668 0.30083333333333334 0.2516666666666667 0.11166666666666668
0 0.3716666666666667 0.21416666666666667 0.11 0.15833333333333335
0 0.2783333333333334 0.2016666666666667 0.11333333333333334 0.1
