0 0.5525 0.5525 0.16833333333333333 0.14500000000000002
0 0.27166666666666667 0.33333333333333337 0.25 0.15000000000000002
0 0.5066666666666667 0.3125 0.1366666666666667 0.18166666666666667
0 0.795 0.5183333333333333 0.21000000000000002 0.06333333333333334
0 0.085 0.8575 0.06666666666666667 0.08833333333333333
0 0.08083333333333334 0.7408333333333333 0.05166666666666667 0.07500000000000001
0 0.025833333333333337 0.9 0.05166666666666667 0.10333333333333335
0 0.7350000000000001 0.7416666666666667 0.14333333333333334 0.08
0 0.6016666666666667 0.7908333333333334 0.08666666666666667 0.095
0 0.3725 0.5083333333333334 0.14166666666666666 0.12000000000000001
0 0.4675 0.48333333333333334 0.025 0.07666666666666667
0 0.545 0.4425 0.17666666666666667 0.07500000000000001
0 0.13416666666666668 0.4216666666666667 0.20833333333333334 0.12666666666666668
0 0.17500000000000002 0.56 0.20333333333333334 0.13
0 0.49750000000000005 0.7100000000000001 0.08833333333333333 0.07
0 0.45333333333333337 0.6608333333333334 0.11666666666666667 0.058333333333333334
0 0.6158333333333333 0.335 0.09833333333333334 0.08666666666666667
0 0.7691666666666667 0.47250000000000003 0.08833333333333333 0.06166666666666667
0 0.3791666666666667 0.2566666666666667 0.07166666666666667 0.060000000000000005
0 0.8300000000000001 0.35000000000000003 0.12000000000000001 0.08666666666666667
0 0.9075000000000001 0.45 0.165 0.12333333333333334
