0 0.7641666666666667 0.5641666666666667 0.17500000000000002 0.2516666666666667
0 0.43583333333333335 0.41833333333333333 0.19833333333333333 0.20333333333333334
0 0.29083333333333333 0.8608333333333333 0.24166666666666667 0.26833333333333337
0 0.7125 0.8558333333333333 0.35833333333333334 0.26833333333333337
0 0.8191666666666667 0.1675 0.34833333333333333 0.16833333333333333
0 0.3891666666666667 0.1366666666666667 0.14166666666666666 0.2733333333333334
0 0.6558333333333334 0.3383333333333334 0.18833333333333335 0.19
0 0.5525 0.13333333333333333 0.18833333333333335 0.24666666666666667
0 0.19083333333333335 0.1625 0.305 0.2316666666666667
0 0.10833333333333334 0.6325000000000001 0.21666666666666667 0.21500000000000002
0 0.29500000000000004 0.44333333333333336 0.19 0.19666666666666668
0 0.8766666666666667 0.39 0.23333333333333334 0.24333333333333335
