0 0.665 0.3191666666666667 0.20333333333333334 0.11166666666666668
0 0.42583333333333334 0.9241666666666667 0.07500000000000001 0.055
0 0.3408333333333334 0.9133333333333334 0.11833333333333335 0.060000000000000005
0 0.24416666666666667 0.5091666666666667 0.16166666666666668 0.11166666666666668
0 0.54 0.685 0.1 0.05
0 0.6791666666666667 0.45 0.155 0.07
0 0.5675 0.43500000000000005 0.08833333333333333 0.08
0 0.14083333333333334 0.3241666666666667 0.13833333333333334 0.115
0 0.07083333333333333 0.3866666666666667 0.14166666666666666 0.060000000000000005
0 0.08916666666666667 0.615 0.17833333333333334 0.08666666666666667
