0 0.5083333333333334 0.6616666666666667 0.10666666666666667 0.10666666666666667
0 0.7191666666666667 0.7291666666666667 0.11166666666666668 0.085
0 0.45083333333333336 0.8308333333333334 0.12166666666666667 0.115
0 0.26666666666666666 0.7150000000000001 0.30000000000000004 0.07333333333333333
0 0.22333333333333336 0.5308333333333334 0.2066666666666667 0.11166666666666668
0 0.49250000000000005 0.5391666666666667 0.16166666666666668 0.11166666666666668
0 0.36833333333333335 0.3225 0.17333333333333334 0.15833333333333335
0 0.6275000000000001 0.37000000000000005 0.09833333333333334 0.1
0 0.7333333333333334 0.49833333333333335 0.16 0.07333333333333333
0 0.08333333333333334 0.4066666666666667 0.07333333333333333 0.08333333333333334
0 0.24166666666666667 0.28500000000000003 0.06333333333333334 0.09000000000000001
0 0.11416666666666668 0.0475 0.07166666666666667 0.085
0 0.2725 0.02666666666666667 0.065 0.05333333333333334
0 0.8016666666666667 0.1991666666666667 0.09333333333333334 0.055
0 0.77 0.8933333333333334 0.18666666666666668 0.16666666666666669
0 0.9158333333333334 0.25083333333333335 0.08833333333333333 0.065
0 0.9600000000000001 0.6825 0.06333333333333334 0.055
0 0.9408333333333334 0.6083333333333334 0.06833333333333334 0.060000000000000005
0 0.2016666666666667 0.4108333333333334 0.07666666666666667 0.07500000000000001
0 0.09916666666666667 0.2841666666666667 0.14166666666666666 0.09166666666666667
0 0.05916666666666667 0.14 0.11833333333333335 0.05333333333333334
0 0.5091666666666667 0.22 0.125 0.04666666666666667
0 0.5233333333333333 0.11333333333333334 0.05666666666666667 0.09000000000000001
