0 0.7683333333333334 0.5683333333333334 0.12666666666666668 0.09000000000000001
0 0.615 0.4591666666666667 0.13 0.07833333333333334
0 0.4966666666666667 0.465 0.22666666666666668 0.13
0 0.1975 0.09916666666666667 0.11833333333333335 0.05166666666666667
0 0.6433333333333334 0.1991666666666667 0.16 0.255
0 0.21750000000000003 0.5916666666666667 0.26833333333333337 0.16
0 0.23583333333333334 0.6883333333333334 0.22833333333333336 0.1
0 0.5333333333333333 0.6275000000000001 0.07 0.10500000000000001
0 0.3791666666666667 0.05333333333333334 0.15833333333333335 0.10666666666666667
0 0.2733333333333334 0.028333333333333335 0.10666666666666667 0.05666666666666667
0 0.6616666666666667 0.9125000000000001 0.29333333333333333 0.15833333333333335
0 0.7533333333333334 0.43250000000000005 0.1366666666666667 0.06833333333333334
