0 0.775 0.8358333333333334 0.16333333333333333 0.14833333333333334
0 0.4816666666666667 0.9641666666666667 0.11666666666666667 0.06833333333333334
0 0.35583333333333333 0.2366666666666667 0.11166666666666668 0.06666666666666667
0 0.47000000000000003 0.455 0.13 0.12333333333333334
0 0.5933333333333334 0.44583333333333336 0.12666666666666668 0.085
0 0.8058333333333334 0.3766666666666667 0.18833333333333335 0.08666666666666667
0 0.7433333333333334 0.2541666666666667 0.16333333333333333 0.095
0 0.24166666666666667 0.4966666666666667 0.20333333333333334 0.07333333333333333
0 0.3075 0.4216666666666667 0.10833333333333334 0.08666666666666667
0 0.04166666666666667 0.4116666666666667 0.08333333333333334 0.060000000000000005
0 0.21416666666666667 0.7625000000000001 0.05166666666666667 0.07500000000000001
0 0.31333333333333335 0.8916666666666667 0.16666666666666669 0.12666666666666668
0 0.20500000000000002 0.9525 0.15666666666666668 0.08833333333333333
0 0.03166666666666667 0.61 0.06333333333333334 0.10333333333333335
0 0.45083333333333336 0.6783333333333333 0.18166666666666667 0.11
0 0.32916666666666666 0.28583333333333333 0.08833333333333333 0.04833333333333334
