0 0.8108333333333334 0.8108333333333334 0.11833333333333335 0.22833333333333336
0 0.6783333333333333 0.29250000000000004 0.09333333333333334 0.06833333333333334
0 0.6516666666666667 0.22666666666666668 0.06666666666666667 0.07
0 0.11583333333333334 0.5683333333333334 0.18500000000000003 0.10333333333333335
0 0.6283333333333334 0.7816666666666667 0.15333333333333335 0.27666666666666667
0 0.4691666666666667 0.7558333333333334 0.16166666666666668 0.22166666666666668
0 0.9316666666666668 0.525 0.13333333333333333 0.14333333333333334
0 0.5583333333333333 0.34 0.07 0.12666666666666668
0 0.4658333333333334 0.21833333333333335 0.09166666666666667 0.2
0 0.305 0.2916666666666667 0.16 0.15333333333333335
0 0.3016666666666667 0.14666666666666667 0.12666666666666668 0.17333333333333334
0 0.8750000000000001 0.6458333333333334 0.14666666666666667 0.07833333333333334
0 0.7641666666666667 0.545 0.04833333333333334 0.10666666666666667
0 0.7150000000000001 0.5458333333333334 0.06333333333333334 0.10166666666666667
0 0.44333333333333336 0.32916666666666666 0.11 0.05166666666666667
0 0.5408333333333334 0.4291666666666667 0.09166666666666667 0.05166666666666667
0 0.8600000000000001 0.20583333333333334 0.15000000000000002 0.04833333333333334
0 0.8608333333333333 0.060833333333333336 0.16833333333333333 0.04166666666666667
0 0.8866666666666667 0.025 0.15333333333333335 0.04
0 0.16083333333333336 0.12333333333333334 0.06833333333333334 0.14666666666666667
0 0.9341666666666667 0.8891666666666668 0.12166666666666667 0.14500000000000002
0 0.060000000000000005 0.7383333333333334 0.12000000000000001 0.08333333333333334
0 0.23583333333333334 0.5191666666666667 0.12833333333333335 0.07833333333333334
0 0.3041666666666667 0.6925 0.085 0.09833333333333334
0 0.06333333333333334 0.12666666666666668 0.12666666666666668 0.07666666666666667
0 0.9541666666666667 0.35083333333333333 0.07500000000000001 0.10500000000000001
0 0.7175 0.13583333333333333 0.14166666666666666 0.045000000000000005
