0 0.4991666666666667 0.64 0.19166666666666668 0.23333333333333334
0 0.7516666666666667 0.465 0.33333333333333337 0.08666666666666667
0 0.8716666666666667 0.4 0.2366666666666667 0.11666666666666667
0 0.7108333333333334 0.325 0.2516666666666667 0.13333333333333333
0 0.2391666666666667 0.5175000000000001 0.4783333333333334 0.125
0 0.21333333333333335 0.405 0.4266666666666667 0.08
0 0.525 0.3566666666666667 0.09000000000000001 0.14666666666666667
0 0.3916666666666667 0.32833333333333337 0.22333333333333336 0.16333333333333333
0 0.8375 0.6033333333333334 0.3216666666666667 0.2
0 0.6933333333333334 0.17916666666666667 0.22333333333333336 0.15833333333333335
