0 0.3866666666666667 0.8200000000000001 0.26333333333333336 0.2
0 0.6841666666666667 0.7041666666666667 0.23500000000000001 0.10833333333333334
0 0.7025 0.6291666666666667 0.26166666666666666 0.045000000000000005
0 0.43833333333333335 0.6416666666666667 0.2366666666666667 0.07666666666666667
0 0.055 0.6758333333333334 0.11 0.07166666666666667
0 0.09000000000000001 0.6083333333333334 0.12000000000000001 0.06666666666666667
0 0.09083333333333334 0.49083333333333334 0.18166666666666667 0.04833333333333334
0 0.26416666666666666 0.2758333333333334 0.13166666666666668 0.10833333333333334
0 0.07250000000000001 0.22416666666666668 0.14500000000000002 0.09833333333333334
0 0.6541666666666667 0.335 0.20500000000000002 0.10666666666666667
0 0.49583333333333335 0.36083333333333334 0.115 0.11166666666666668
0 0.24500000000000002 0.14583333333333334 0.1366666666666667 0.13833333333333334
0 0.11416666666666668 0.14750000000000002 0.04833333333333334 0.09166666666666667
0 0.8591666666666667 0.14583333333333334 0.10833333333333334 0.058333333333333334
0 0.8008333333333334 0.16666666666666669 0.16833333333333333 0.06333333333333334
0 0.07083333333333333 0.9425000000000001 0.14166666666666666 0.085
0 0.037500000000000006 0.7608333333333334 0.07500000000000001 0.08833333333333333
0 0.91 0.445 0.12333333333333334 0.10333333333333335
0 0.1575 0.42500000000000004 0.10166666666666667 0.08
0 0.23583333333333334 0.4466666666666667 0.06833333333333334 0.05
