0 0.6950000000000001 0.6741666666666667 0.17 0.11833333333333335
0 0.6808333333333334 0.5958333333333333 0.14166666666666666 0.08166666666666667
0 0.5166666666666667 0.2816666666666667 0.09666666666666668 0.08
0 0.19833333333333333 0.5683333333333334 0.25 0.09666666666666668
0 0.4666666666666667 0.7116666666666667 0.18333333333333335 0.12000000000000001
0 0.9208333333333334 0.9166666666666667 0.155 0.15333333333333335
0 0.5541666666666667 0.4166666666666667 0.14500000000000002 0.07333333333333333
0 0.36833333333333335 0.32333333333333336 0.11666666666666667 0.08333333333333334
0 0.4033333333333334 0.5741666666666667 0.08666666666666667 0.07166666666666667
0 0.5941666666666667 0.47750000000000004 0.15166666666666667 0.06166666666666667
0 0.37833333333333335 0.47500000000000003 0.06333333333333334 0.09000000000000001
0 0.30833333333333335 0.3916666666666667 0.17666666666666667 0.07666666666666667
0 0.445 0.49083333333333334 0.07 0.06833333333333334
0 0.465 0.125 0.20333333333333334 0.09333333333333334
0 0.29000000000000004 0.10833333333333334 0.14 0.06333333333333334
0 0.44333333333333336 0.03916666666666667 0.12666666666666668 0.07833333333333334
0 0.7066666666666667 0.18083333333333335 0.15000000000000002 0.08166666666666667
0 0.7708333333333334 0.41250000000000003 0.17500000000000002 0.06166666666666667
