0 0.5175000000000001 0.7308333333333333 0.20500000000000002 0.17833333333333334
0 0.8208333333333334 0.5133333333333334 0.22833333333333336 0.22666666666666668
0 0.26166666666666666 0.39416666666666667 0.16666666666666669 0.10166666666666667
0 0.46 0.225 0.23 0.10333333333333335
0 0.6075 0.09666666666666668 0.1716666666666667 0.19333333333333336
0 0.7183333333333334 0.2775 0.16666666666666669 0.17833333333333334
0 0.5108333333333334 0.43000000000000005 0.19833333333333333 0.17666666666666667
0 0.26583333333333337 0.5808333333333334 0.305 0.13833333333333334
0 0.6091666666666667 0.5441666666666667 0.19166666666666668 0.11833333333333335
0 0.9533333333333334 0.2725 0.08333333333333334 0.14166666666666666
