0 0.11333333333333334 0.64 0.22666666666666668 0.18666666666666668
0 0.5758333333333334 0.8966666666666667 0.1716666666666667 0.20333333333333334
0 0.8341666666666667 0.4 0.315 0.24666666666666667
0 0.6816666666666668 0.225 0.26 0.31333333333333335
0 0.19666666666666668 0.31583333333333335 0.27 0.2016666666666667
0 0.3241666666666667 0.7458333333333333 0.10166666666666667 0.24500000000000002
0 0.8183333333333334 0.7233333333333334 0.15000000000000002 0.12666666666666668
0 0.5625 0.5133333333333334 0.045000000000000005 0.17666666666666667
0 0.38583333333333336 0.5441666666666667 0.06166666666666667 0.10500000000000001
0 0.5425 0.6458333333333334 0.095 0.06833333333333334
