0 0.6225 0.7183333333333334 0.11166666666666668 0.08333333333333334
0 0.5741666666666667 0.6433333333333334 0.07833333333333334 0.05
0 0.5108333333333334 0.5950000000000001 0.04833333333333334 0.05666666666666667
0 0.5133333333333334 0.7116666666666667 0.07 0.08
0 0.4666666666666667 0.6266666666666667 0.060000000000000005 0.07666666666666667
0 0.8716666666666667 0.25916666666666666 0.12000000000000001 0.06166666666666667
0 0.3616666666666667 0.1375 0.07666666666666667 0.06833333333333334
0 0.2566666666666667 0.14083333333333334 0.09333333333333334 0.07500000000000001
0 0.3591666666666667 0.47750000000000004 0.115 0.07166666666666667
0 0.45083333333333336 0.4116666666666667 0.07833333333333334 0.06666666666666667
0 0.6491666666666667 0.4741666666666667 0.165 0.13166666666666668
0 0.2275 0.5175000000000001 0.14500000000000002 0.09833333333333334
0 0.5641666666666667 0.8816666666666667 0.14833333333333334 0.11
0 0.18000000000000002 0.8625 0.06666666666666667 0.10166666666666667
0 0.625 0.2516666666666667 0.1 0.06666666666666667
0 0.8450000000000001 0.36250000000000004 0.12666666666666668 0.085
0 0.7025 0.11750000000000001 0.18500000000000003 0.125
