0 0.3666666666666667 0.7841666666666667 0.25 0.165
0 0.1325 0.5641666666666667 0.13833333333333334 0.10166666666666667
0 0.3725 0.5391666666666667 0.11833333333333335 0.07500000000000001
0 0.36500000000000005 0.4566666666666667 0.11 0.07
0 0.18583333333333335 0.47750000000000004 0.14500000000000002 0.095
0 0.2866666666666667 0.27416666666666667 0.22 0.08833333333333333
0 0.48833333333333334 0.21083333333333334 0.2 0.10500000000000001
0 0.5575 0.3166666666666667 0.24166666666666667 0.11
0 0.895 0.6475000000000001 0.12333333333333334 0.095
0 0.8175 0.5275000000000001 0.13833333333333334 0.08833333333333333
0 0.7466666666666667 0.5725 0.13 0.10833333333333334
0 0.8300000000000001 0.7316666666666667 0.19333333333333336 0.21000000000000002
