0 0.9600000000000001 0.6716666666666667 0.07666666666666667 0.22666666666666668
0 0.1975 0.4666666666666667 0.11166666666666668 0.24000000000000002
0 0.5333333333333333 0.315 0.06333333333333334 0.13
0 0.4758333333333334 0.2325 0.085 0.15833333333333335
0 0.5875 0.09583333333333334 0.11166666666666668 0.12166666666666667
0 0.6716666666666667 0.8441666666666667 0.17666666666666667 0.14166666666666666
0 0.48333333333333334 0.7216666666666667 0.13333333333333333 0.08333333333333334
0 0.545 0.55 0.18666666666666668 0.07666666666666667
0 0.305 0.5175000000000001 0.13333333333333333 0.05166666666666667
0 0.8583333333333334 0.49083333333333334 0.06666666666666667 0.09833333333333334
0 0.8441666666666667 0.3725 0.14166666666666666 0.10166666666666667
0 0.6775 0.12333333333333334 0.06166666666666667 0.04
0 0.8208333333333334 0.91 0.07166666666666667 0.06666666666666667
0 0.7433333333333334 0.6658333333333334 0.1366666666666667 0.16833333333333333
