0 0.2916666666666667 0.09333333333333334 0.38 0.18666666666666668
0 0.10416666666666667 0.42083333333333334 0.20833333333333334 0.20833333333333334
0 0.8308333333333334 0.35333333333333333 0.125 0.14666666666666667
0 0.9308333333333334 0.895 0.135 0.14666666666666667
0 0.22083333333333335 0.61 0.11833333333333335 0.17
0 0.18666666666666668 0.8016666666666667 0.3666666666666667 0.30333333333333334
0 0.67 0.7366666666666667 0.32333333333333336 0.19333333333333336
0 0.9075000000000001 0.5341666666666667 0.18166666666666667 0.06166666666666667
0 0.9075000000000001 0.47000000000000003 0.18166666666666667 0.07
0 0.6833333333333333 0.20333333333333334 0.1366666666666667 0.08666666666666667
0 0.5958333333333333 0.2841666666666667 0.16833333333333333 0.06166666666666667
0 0.9525 0.06166666666666667 0.06833333333333334 0.12333333333333334
0 0.8608333333333333 0.04416666666666667 0.08833333333333333 0.08833333333333333
