0 0.3541666666666667 0.5725 0.20833333333333334 0.325
0 0.21833333333333335 0.7366666666666667 0.18333333333333335 0.26
0 0.06833333333333334 0.685 0.1366666666666667 0.2566666666666667
0 0.3591666666666667 0.2225 0.06833333333333334 0.22166666666666668
0 0.6683333333333333 0.6633333333333333 0.36000000000000004 0.22333333333333336
0 0.125 0.4391666666666667 0.25 0.13166666666666668
0 0.17083333333333334 0.18083333333333335 0.3216666666666667 0.2016666666666667
0 0.75 0.14250000000000002 0.29333333333333333 0.135
0 0.5483333333333333 0.11166666666666668 0.10666666666666667 0.11
0 0.48583333333333334 0.4425 0.195 0.22833333333333336
0 0.7525000000000001 0.30250000000000005 0.4916666666666667 0.20833333333333334
0 0.31333333333333335 0.060833333333333336 0.16666666666666669 0.12166666666666667
