0 0.5816666666666667 0.6341666666666667 0.34 0.26833333333333337
0 0.32833333333333337 0.5758333333333334 0.16666666666666669 0.13166666666666668
0 0.4691666666666667 0.39416666666666667 0.10500000000000001 0.18166666666666667
0 0.14166666666666666 0.4591666666666667 0.2833333333333333 0.22166666666666668
0 0.22416666666666668 0.21083333333333334 0.08166666666666667 0.12833333333333335
0 0.11083333333333334 0.15583333333333335 0.09833333333333334 0.15833333333333335
0 0.5216666666666667 0.1675 0.18666666666666668 0.23500000000000001
0 0.37833333333333335 0.24333333333333335 0.20333333333333334 0.09333333333333334
0 0.7075 0.37583333333333335 0.2916666666666667 0.13166666666666668
0 0.54 0.8808333333333334 0.17 0.21500000000000002
0 0.22666666666666668 0.8725 0.34 0.24500000000000002
