0 0.5825 0.22416666666666668 0.085 0.14833333333333334
0 0.75 0.39416666666666667 0.07333333333333333 0.155
0 0.39916666666666667 0.6625000000000001 0.07166666666666667 0.16166666666666668
0 0.5383333333333333 0.5841666666666667 0.22333333333333336 0.085
0 0.4683333333333334 0.7766666666666667 0.12333333333333334 0.31333333333333335
0 0.06583333333333334 0.44 0.11833333333333335 0.08
0 0.1375 0.5191666666666667 0.12833333333333335 0.09833333333333334
0 0.4808333333333334 0.2391666666666667 0.10833333333333334 0.18833333333333335
0 0.2916666666666667 0.225 0.22666666666666668 0.14666666666666667
0 0.31 0.3408333333333334 0.26666666666666666 0.08166666666666667
