0 0.4391666666666667 0.43500000000000005 0.20500000000000002 0.15333333333333335
0 0.5016666666666667 0.39416666666666667 0.21333333333333335 0.135
0 0.7291666666666667 0.48250000000000004 0.15833333333333335 0.08166666666666667
0 0.925 0.14833333333333334 0.14666666666666667 0.1
0 0.9750000000000001 0.33 0.04666666666666667 0.12666666666666668
0 0.7541666666666668 0.32666666666666666 0.195 0.09666666666666668
0 0.7433333333333334 0.8275 0.17333333333333334 0.21166666666666667
0 0.035833333333333335 0.7566666666666667 0.07166666666666667 0.11333333333333334
0 0.08666666666666667 0.9583333333333334 0.17333333333333334 0.08
0 0.9533333333333334 0.6625000000000001 0.09000000000000001 0.10833333333333334
0 0.41750000000000004 0.6616666666666667 0.16166666666666668 0.06666666666666667
0 0.4466666666666667 0.5916666666666667 0.08333333333333334 0.05
