0 0.6758333333333334 0.36833333333333335 0.29833333333333334 0.21666666666666667
0 0.5933333333333334 0.14666666666666667 0.1366666666666667 0.06333333333333334
0 0.22833333333333336 0.5650000000000001 0.11 0.060000000000000005
0 0.5891666666666667 0.9 0.23833333333333334 0.19666666666666668
0 0.33416666666666667 0.9141666666666667 0.195 0.16833333333333333
0 0.9325000000000001 0.37833333333333335 0.13166666666666668 0.09666666666666668
0 0.20583333333333334 0.8525 0.31833333333333336 0.17833333333333334
0 0.48500000000000004 0.4666666666666667 0.20333333333333334 0.11666666666666667
0 0.12000000000000001 0.03166666666666667 0.1366666666666667 0.06333333333333334
0 0.14916666666666667 0.14750000000000002 0.065 0.10833333333333334
