1 0.3141666666666667 0.3175 0.14166666666666666 0.08166666666666667
1 0.7241666666666667 0.3816666666666667 0.2916666666666667 0.06333333333333334
1 0.9425000000000001 0.31 0.10166666666666667 0.05333333333333334
1 0.6116666666666667 0.5008333333333334 0.12666666666666668 0.03833333333333334
1 0.8283333333333334 0.5333333333333333 0.16666666666666669 0.04666666666666667
1 0.51 0.6091666666666667 0.12666666666666668 0.028333333333333335
1 0.7233333333333334 0.6975 0.09333333333333334 0.028333333333333335
1 0.9041666666666667 0.8291666666666667 0.18166666666666667 0.08833333333333333
1 0.64 0.81 0.27 0.11
1 0.5875 0.9550000000000001 0.5116666666666667 0.08333333333333334
1 0.45833333333333337 0.14583333333333334 0.16666666666666669 0.03833333333333334
