1 0.7000000000000001 0.06583333333333334 0.1 0.028333333333333335
1 0.32333333333333336 0.5700000000000001 0.11333333333333334 0.060000000000000005
1 0.9491666666666667 0.4108333333333334 0.07500000000000001 0.058333333333333334
1 0.9408333333333334 0.13833333333333334 0.115 0.08
1 0.6416666666666667 0.7133333333333334 0.08333333333333334 0.05
1 0.045000000000000005 0.4541666666666667 0.07 0.04833333333333334
1 0.4475 0.7491666666666668 0.055 0.035
1 0.5641666666666667 0.16333333333333333 0.065 0.05666666666666667
1 0.68 0.8208333333333334 0.12333333333333334 0.07166666666666667
1 0.7908333333333334 0.8316666666666667 0.095 0.043333333333333335
1 0.7933333333333333 0.5191666666666667 0.11 0.095
