1 0.1366666666666667 0.15583333333333335 0.15333333333333335 0.095
1 0.1125 0.28750000000000003 0.08833333333333333 0.09833333333333334
1 0.15083333333333335 0.56 0.13166666666666668 0.11
1 0.03666666666666667 0.5125000000000001 0.03666666666666667 0.03166666666666667
1 0.31583333333333335 0.925 0.14500000000000002 0.12000000000000001
1 0.7758333333333334 0.7858333333333334 0.06166666666666667 0.12833333333333335
1 0.7091666666666667 0.8583333333333334 0.04833333333333334 0.04
1 0.6258333333333334 0.7100000000000001 0.14500000000000002 0.09333333333333334
1 0.4033333333333334 0.2366666666666667 0.05666666666666667 0.06666666666666667
1 0.3691666666666667 0.33666666666666667 0.06166666666666667 0.12666666666666668
1 0.35333333333333333 0.5341666666666667 0.2 0.10500000000000001
1 0.6658333333333334 0.3075 0.09833333333333334 0.10833333333333334
1 0.5983333333333334 0.5166666666666667 0.07 0.060000000000000005
1 0.9033333333333334 0.2625 0.18666666666666668 0.11166666666666668
1 0.9675 0.38 0.055 0.04
1 0.7425 0.5016666666666667 0.06833333333333334 0.06333333333333334
1 0.79 0.5558333333333334 0.09333333333333334 0.045000000000000005
