1 0.16666666666666669 0.4783333333333334 0.08333333333333334 0.17
1 0.45583333333333337 0.18500000000000003 0.14166666666666666 0.24666666666666667
1 0.2391666666666667 0.47250000000000003 0.06166666666666667 0.125
1 0.32 0.4766666666666667 0.1 0.09333333333333334
1 0.7666666666666667 0.2316666666666667 0.2733333333333334 0.17333333333333334
1 0.29583333333333334 0.14 0.115 0.21333333333333335
1 0.37833333333333335 0.2016666666666667 0.2 0.33333333333333337
1 0.2866666666666667 0.7975000000000001 0.35333333333333333 0.20833333333333334
1 0.7666666666666667 0.5616666666666666 0.26666666666666666 0.043333333333333335
1 0.19416666666666668 0.24416666666666667 0.12833333333333335 0.18833333333333335
