1 0.7241666666666667 0.1325 0.06833333333333334 0.12166666666666667
1 0.5116666666666667 0.18083333333333335 0.06333333333333334 0.18500000000000003
1 0.5066666666666667 0.7925000000000001 0.05 0.155
1 0.4741666666666667 0.6491666666666667 0.05166666666666667 0.10500000000000001
1 0.4475 0.7858333333333334 0.045000000000000005 0.12833333333333335
1 0.17500000000000002 0.5258333333333334 0.06666666666666667 0.30833333333333335
1 0.24750000000000003 0.42333333333333334 0.065 0.09000000000000001
1 0.4 0.54 0.10333333333333335 0.15000000000000002
1 0.5208333333333334 0.4416666666666667 0.08166666666666667 0.26333333333333336
1 0.3425 0.5891666666666667 0.12833333333333335 0.195
1 0.2066666666666667 0.29583333333333334 0.060000000000000005 0.14833333333333334
1 0.6016666666666667 0.26333333333333336 0.09666666666666668 0.07333333333333333
