1 0.7200000000000001 0.685 0.33666666666666667 0.18666666666666668
1 0.77 0.5275000000000001 0.18666666666666668 0.125
1 0.43583333333333335 0.37000000000000005 0.32833333333333337 0.06333333333333334
1 0.3433333333333334 0.5916666666666667 0.31333333333333335 0.05666666666666667
1 0.5158333333333334 0.6641666666666667 0.07166666666666667 0.22833333333333336
1 0.3541666666666667 0.8375 0.1716666666666667 0.22166666666666668
1 0.8500000000000001 0.4441666666666667 0.29000000000000004 0.055
1 0.9141666666666667 0.26166666666666666 0.16833333333333333 0.08666666666666667
1 0.7891666666666667 0.32083333333333336 0.21833333333333335 0.09833333333333334
1 0.9625 0.6191666666666668 0.07166666666666667 0.085
