2 0.325 0.10750000000000001 0.20333333333333334 0.17500000000000002
2 0.5408333333333334 0.4625 0.125 0.13833333333333334
2 0.2325 0.22 0.08166666666666667 0.08333333333333334
2 0.1366666666666667 0.015833333333333335 0.05666666666666667 0.03166666666666667
2 0.33416666666666667 0.8066666666666668 0.05166666666666667 0.07333333333333333
2 0.5166666666666667 0.7725000000000001 0.09666666666666668 0.09166666666666667
2 0.7641666666666667 0.66 0.08166666666666667 0.07333333333333333
2 0.8883333333333334 0.5416666666666667 0.17333333333333334 0.12333333333333334
2 0.8983333333333334 0.7066666666666667 0.05666666666666667 0.05666666666666667
2 0.8633333333333334 0.8450000000000001 0.05666666666666667 0.05666666666666667
2 0.9758333333333334 0.8608333333333333 0.045000000000000005 0.095
2 0.5008333333333334 0.2316666666666667 0.09833333333333334 0.09333333333333334
