2 0.3275 0.7533333333333334 0.23500000000000001 0.13333333333333333
2 0.7725000000000001 0.505 0.065 0.06666666666666667
2 0.36833333333333335 0.3375 0.11 0.08166666666666667
2 0.07083333333333333 0.9416666666666668 0.095 0.06333333333333334
2 0.7175 0.7333333333333334 0.06166666666666667 0.043333333333333335
2 0.8075000000000001 0.7516666666666667 0.08166666666666667 0.07333333333333333
2 0.14500000000000002 0.5625 0.12666666666666668 0.058333333333333334
2 0.6991666666666667 0.09166666666666667 0.058333333333333334 0.10333333333333335
2 0.9291666666666667 0.08166666666666667 0.13833333333333334 0.06333333333333334
2 0.6175 0.56 0.028333333333333335 0.030000000000000002
2 0.8675 0.6158333333333333 0.04166666666666667 0.03166666666666667
