2 0.34833333333333333 0.3841666666666667 0.3866666666666667 0.14500000000000002
2 0.5858333333333333 0.36000000000000004 0.07166666666666667 0.05333333333333334
2 0.4625 0.48583333333333334 0.265 0.058333333333333334
2 0.2316666666666667 0.4866666666666667 0.1 0.05
2 0.305 0.22666666666666668 0.15000000000000002 0.02666666666666667
2 0.9058333333333334 0.6616666666666667 0.085 0.09000000000000001
2 0.4425 0.7683333333333334 0.05166666666666667 0.04
2 0.8433333333333334 0.7891666666666667 0.05666666666666667 0.04166666666666667
2 0.535 0.9683333333333334 0.05666666666666667 0.04
2 0.4108333333333334 0.9033333333333334 0.058333333333333334 0.043333333333333335
