2 0.5666666666666667 0.5858333333333333 0.19666666666666668 0.21833333333333335
2 0.67 0.77 0.26 0.13333333333333333
2 0.8150000000000001 0.6166666666666667 0.20333333333333334 0.21666666666666667
2 0.15416666666666667 0.33916666666666667 0.255 0.13166666666666668
2 0.1991666666666667 0.48000000000000004 0.18166666666666667 0.12666666666666668
2 0.055 0.7333333333333334 0.11 0.11
2 0.3516666666666667 0.6358333333333334 0.15666666666666668 0.115
2 0.5483333333333333 0.23083333333333333 0.14666666666666667 0.15166666666666667
2 0.6483333333333334 0.44 0.21333333333333335 0.14
2 0.4541666666666667 0.08 0.21166666666666667 0.16
2 0.23833333333333334 0.13 0.21333333333333335 0.26
2 0.06833333333333334 0.10666666666666667 0.1366666666666667 0.12666666666666668
2 0.9458333333333334 0.09166666666666667 0.10500000000000001 0.10333333333333335
2 0.7525000000000001 0.2366666666666667 0.17500000000000002 0.2
