2 0.21166666666666667 0.8666666666666667 0.17 0.16
2 0.3541666666666667 0.8041666666666667 0.05166666666666667 0.09833333333333334
2 0.2566666666666667 0.6183333333333334 0.07333333333333333 0.07666666666666667
2 0.61 0.5658333333333334 0.07 0.07500000000000001
0 0.6658333333333334 0.8283333333333334 0.08833333333333333 0.12333333333333334
2 0.9750000000000001 0.35833333333333334 0.04666666666666667 0.06333333333333334
2 0.8208333333333334 0.41750000000000004 0.10166666666666667 0.09833333333333334
2 0.3466666666666667 0.68 0.09000000000000001 0.03333333333333333
0 0.335 0.27416666666666667 0.16333333333333333 0.20500000000000002
2 0.885 0.27416666666666667 0.08 0.10833333333333334
