2 0.16583333333333333 0.3166666666666667 0.19833333333333333 0.29333333333333333
2 0.54 0.5566666666666668 0.23333333333333334 0.22666666666666668
2 0.4808333333333334 0.08 0.09833333333333334 0.14333333333333334
2 0.08833333333333333 0.61 0.17666666666666667 0.17
2 0.5575 0.8516666666666667 0.09166666666666667 0.10666666666666667
2 0.8716666666666667 0.44083333333333335 0.12000000000000001 0.115
2 0.9766666666666667 0.46 0.043333333333333335 0.15000000000000002
2 0.6975 0.3775 0.125 0.17500000000000002
2 0.26916666666666667 0.5858333333333333 0.08833333333333333 0.18166666666666667
2 0.7633333333333334 0.6908333333333334 0.1 0.17833333333333334
