2 0.4591666666666667 0.16 0.24500000000000002 0.2566666666666667
2 0.5625 0.3516666666666667 0.18833333333333335 0.17
2 0.13 0.48750000000000004 0.26 0.15833333333333335
2 0.14916666666666667 0.6441666666666667 0.225 0.16833333333333333
2 0.5850000000000001 0.8083333333333333 0.27666666666666667 0.33
2 0.35583333333333333 0.8141666666666667 0.17500000000000002 0.14833333333333334
2 0.20333333333333334 0.23750000000000002 0.24000000000000002 0.3383333333333334
2 0.058333333333333334 0.22166666666666668 0.11666666666666667 0.10333333333333335
2 0.8775000000000001 0.7916666666666667 0.225 0.2
2 0.7283333333333334 0.9508333333333334 0.27666666666666667 0.095
2 0.6891666666666667 0.6033333333333334 0.35500000000000004 0.14333333333333334
2 0.7808333333333334 0.34500000000000003 0.20833333333333334 0.27
2 0.8875000000000001 0.10666666666666667 0.21500000000000002 0.19333333333333336
2 0.9275000000000001 0.5258333333333334 0.125 0.05166666666666667
