2 0.39083333333333337 0.5691666666666667 0.085 0.125
2 0.49083333333333334 0.6825 0.11166666666666668 0.15166666666666667
2 0.3125 0.37833333333333335 0.04833333333333334 0.06666666666666667
2 0.535 0.4575 0.10333333333333335 0.08166666666666667
2 0.6358333333333334 0.48583333333333334 0.058333333333333334 0.07500000000000001
2 0.22666666666666668 0.9041666666666667 0.06666666666666667 0.08166666666666667
2 0.3016666666666667 0.7191666666666667 0.05666666666666667 0.04833333333333334
2 0.3875 0.8191666666666667 0.04833333333333334 0.05166666666666667
2 0.34 0.9316666666666668 0.05 0.05
2 0.36750000000000005 0.2525 0.095 0.10833333333333334
2 0.2366666666666667 0.28750000000000003 0.12000000000000001 0.07500000000000001
2 0.5416666666666667 0.29000000000000004 0.08666666666666667 0.08666666666666667
