2 0.24833333333333335 0.5483333333333333 0.12666666666666668 0.2066666666666667
2 0.18666666666666668 0.6908333333333334 0.12333333333333334 0.12833333333333335
2 0.25333333333333335 0.7983333333333333 0.08333333333333334 0.05
2 0.5650000000000001 0.64 0.18333333333333335 0.29333333333333333
2 0.5908333333333333 0.4083333333333334 0.14166666666666666 0.07666666666666667
2 0.5858333333333333 0.26333333333333336 0.07833333333333334 0.09000000000000001
2 0.6933333333333334 0.32333333333333336 0.07333333333333333 0.12000000000000001
2 0.81 0.29750000000000004 0.1 0.12166666666666667
2 0.40750000000000003 0.23583333333333334 0.07833333333333334 0.10500000000000001
2 0.3075 0.2341666666666667 0.08833333333333333 0.11166666666666668
2 0.6933333333333334 0.18000000000000002 0.10333333333333335 0.060000000000000005
2 0.22416666666666668 0.15916666666666668 0.05166666666666667 0.07166666666666667
2 0.29083333333333333 0.10166666666666667 0.05166666666666667 0.05333333333333334
2 0.3166666666666667 0.029166666666666667 0.043333333333333335 0.04166666666666667
2 0.3666666666666667 0.6175 0.05333333333333334 0.115
2 0.4266666666666667 0.7158333333333334 0.043333333333333335 0.065
2 0.2 0.34500000000000003 0.06666666666666667 0.04666666666666667
