2 0.16333333333333333 0.6158333333333333 0.16 0.15833333333333335
2 0.43833333333333335 0.6983333333333334 0.09000000000000001 0.11666666666666667
2 0.25916666666666666 0.8450000000000001 0.058333333333333334 0.08666666666666667
2 0.2391666666666667 0.33166666666666667 0.195 0.11666666666666667
2 0.2866666666666667 0.21833333333333335 0.07333333333333333 0.10333333333333335
2 0.4141666666666667 0.14750000000000002 0.14833333333333334 0.15166666666666667
2 0.5216666666666667 0.2541666666666667 0.06666666666666667 0.07833333333333334
2 0.3566666666666667 0.4866666666666667 0.07 0.1
2 0.4941666666666667 0.5016666666666667 0.10166666666666667 0.18333333333333335
2 0.6616666666666667 0.5750000000000001 0.07333333333333333 0.09333333333333334
2 0.8483333333333334 0.5483333333333333 0.07 0.07666666666666667
2 0.7141666666666667 0.44833333333333336 0.06833333333333334 0.07
2 0.78 0.64 0.05666666666666667 0.060000000000000005
