2 0.29583333333333334 0.5691666666666667 0.14166666666666666 0.13166666666666668
2 0.4241666666666667 0.6966666666666667 0.08166666666666667 0.1
2 0.6258333333333334 0.5075000000000001 0.065 0.08166666666666667
2 0.8566666666666667 0.5800000000000001 0.16666666666666669 0.1
2 0.7108333333333334 0.8566666666666667 0.135 0.09666666666666668
2 0.8991666666666667 0.7783333333333334 0.07500000000000001 0.09666666666666668
2 0.8525 0.9400000000000001 0.065 0.07
2 0.6341666666666667 0.9758333333333334 0.055 0.045000000000000005
2 0.7091666666666667 0.6383333333333334 0.06833333333333334 0.06333333333333334
2 0.745 0.755 0.08666666666666667 0.06333333333333334
2 0.9141666666666667 0.4891666666666667 0.065 0.05166666666666667
